Customers 1000 
Coordinate X		 Coordinate Y 		Demand 
3.554592  -10.107824  0.503396  
7.643121  -2.721118  2.000645  
-4.859928  -3.309941  1.653925  
-5.803891  6.346088  0.798981  
-7.068867  -11.96186  0.208298  
5.790744  13.962785  0.958087  
-3.648725  -5.624301  1.677829  
4.468704  7.057848  52.14253  
-11.354976  11.109619  1.957252  
3.716092  -1.516288  1.103746  
2.82334  -1.511859  0.311273  
-3.753673  -5.577381  1.111626  
-13.598191  -11.405492  1.021375  
-1.229879  2.860837  0.853018  
10.383626  14.959295  36.057659  
3.094343  -8.463322  0.847576  
-2.334596  -11.218086  0.884287  
-12.397432  -9.574837  0.435279  
7.277783  -10.969511  0.835092  
13.954503  4.728983  34.051495  
-0.933921  9.088527  2.256398  
5.300229  -12.867729  2.051097  
5.043013  2.946043  2.06386  
-2.247186  -10.663296  0.288191  
-2.378971  3.255895  0.58404  
-1.048034  -11.842262  16.09363  
6.461161  2.902515  1.761499  
-3.487993  -2.987595  0.268074  
14.045511  -1.498419  0.282139  
-7.368739  7.945631  2.222986  
3.196033  5.989387  1.29533  
-4.790399  6.041482  0.952287  
14.84989  10.050039  2.142616  
-13.862605  -2.72337  0.209772  
-12.294862  -11.794031  2.008189  
14.277883  12.096603  1.573068  
-5.916802  -2.111564  1.780863  
-9.403844  6.855501  0.923264  
-1.988167  -13.787741  1.429266  
1.463936  -2.316426  1.499522  
-6.210599  -10.432521  0.258465  
-2.367368  2.143299  0.909147  
-3.143547  1.249903  29.961033  
-0.458378  -4.760582  34.733234  
-0.054054  5.253428  1.034439  
5.971489  11.922502  0.862496  
1.452772  5.948811  0.662349  
-3.447423  6.487399  37.652584  
3.392492  -9.326931  1.506714  
-13.201882  -6.307657  0.337962  
11.47812  -4.342597  1.849645  
-14.839742  -4.526835  1.242653  
-5.206487  2.709473  2.264828  
-9.336222  13.652987  1.466475  
-14.389146  11.848519  0.563334  
-9.312999  8.404951  1.306402  
13.697794  14.923048  0.390565  
-8.963511  8.682428  2.193662  
2.628051  8.538556  7.268733  
-1.1549  4.306087  1.668794  
1.865616  -12.30204  0.411513  
-8.386391  -12.170571  3.235585  
7.173551  -14.446213  1.311373  
-13.964212  -3.66195  1.740033  
-7.828125  5.224448  0.933495  
-2.440165  7.074206  1.376241  
-13.874787  -5.94061  1.157557  
-6.003476  10.724293  1.6656  
-8.89956  11.058547  1.903081  
-6.001761  -11.666457  1.036963  
9.981208  -3.334588  1.670883  
-11.848146  13.457527  1.314588  
11.014574  5.47449  1.44024  
1.646853  -11.859665  2.215384  
-10.945821  6.026644  2.262417  
-13.998219  -13.475548  1.940939  
-14.29399  12.911119  28.598731  
-11.442262  -4.901302  0.836781  
2.080737  -9.526873  1.750382  
-10.590749  -1.826963  1.491474  
-8.935459  12.284973  20.162665  
6.599161  -0.343095  19.439612  
8.170705  -0.903369  0.451601  
9.615458  -14.975163  50.286825  
4.821169  -12.028586  1.814749  
1.568461  6.497777  1.532367  
7.107009  -6.868013  2.26925  
5.789819  13.606372  0.349391  
-7.807963  5.200196  1.58395  
-7.117946  14.049858  59.036618  
8.271018  -1.718069  1.845932  
5.387928  -4.959529  40.142336  
-9.786642  0.817857  1.75942  
4.936228  7.823996  1.354265  
-10.631304  14.390355  1.189423  
-8.165846  -6.335568  1.437327  
-2.813937  8.326608  0.540153  
10.863435  -7.933213  0.50843  
-3.945784  6.384235  0.263241  
9.849712  4.694654  1.343299  
-12.018945  10.441004  1.224976  
-7.349256  -7.734543  1.694014  
14.955613  1.283874  21.032316  
-7.405166  -6.068888  15.86593  
2.167985  -0.32339  0.76936  
-9.927424  14.387928  2.070572  
10.588074  -9.455971  0.475444  
5.184153  -5.98814  0.274301  
-9.652622  7.010275  6.842893  
1.042377  13.154368  0.627963  
-9.596523  12.084335  2.050377  
-6.976274  6.375902  0.358806  
5.193578  -10.448856  2.006799  
-7.511461  3.585193  0.826912  
3.910772  -10.901793  0.593183  
-5.596696  5.826248  0.735888  
-1.026228  13.96783  1.580026  
11.007416  7.728034  2.081989  
-1.833158  5.539274  2.05489  
12.662959  5.949759  0.740232  
7.606267  -8.343067  1.54051  
-10.46239  -10.354502  0.818625  
-3.646404  3.936035  1.764869  
-10.827781  1.631474  0.409498  
-0.056421  0.144881  1.784082  
10.347721  6.470883  13.690537  
9.004526  5.221934  1.392701  
-13.828278  -1.9973  0.473025  
7.388686  14.143193  0.391537  
-6.780558  -7.564946  0.470345  
4.116081  7.680335  0.548433  
-0.926833  -10.103279  1.847128  
-0.261298  -11.020981  0.59732  
9.230555  12.1503  0.569859  
3.348272  -7.767968  0.927403  
13.337544  9.972619  0.365977  
-13.359164  0.573706  0.207921  
7.359487  -9.048754  1.624085  
-9.078049  0.017599  1.851024  
14.919375  -0.144574  1.375718  
6.624652  11.635417  1.532263  
-2.817188  -8.817419  51.310959  
9.954189  9.012473  0.869399  
-14.971911  9.05352  55.219996  
-10.043546  3.372785  1.555579  
2.644292  -14.498083  1.267083  
-0.926681  9.6391  0.595373  
13.74695  -12.909611  0.276913  
11.610187  -4.455797  0.806913  
-2.435528  1.066625  0.87732  
9.462421  0.284242  0.49571  
-8.788607  10.564163  0.490105  
-1.513137  -5.463791  2.07304  
-11.292174  5.061955  0.403224  
14.769547  9.947726  0.213344  
0.266358  8.824838  0.980233  
-13.923834  -1.599921  0.611112  
3.374601  3.298777  2.408692  
12.351097  -8.942603  0.29661  
-13.556589  3.697688  0.913291  
8.167977  -13.235431  2.113137  
-8.433246  6.408906  0.553823  
-13.8004  1.540484  1.089143  
-4.518158  -7.081621  0.532282  
6.733381  -13.389489  2.833543  
-13.679182  2.44012  41.902141  
-13.98224  -8.388862  2.255903  
11.979115  11.67074  1.92345  
0.892011  -1.938995  0.462365  
-3.546582  12.506224  57.788886  
13.715981  -7.413383  1.972105  
-1.183286  -2.530751  0.922651  
7.386888  10.636225  0.554828  
10.725513  -3.206344  0.349717  
-3.40349  0.057817  50.575627  
4.453439  13.589583  1.534409  
4.997639  -3.10215  1.500335  
11.765663  7.842554  1.744303  
9.925825  -11.633705  1.687574  
0.635405  10.335043  0.880332  
0.340687  11.043282  1.189927  
-14.589002  14.397595  14.199276  
6.633987  5.974161  0.471152  
8.69015  14.548373  2.092455  
-5.55505  -0.226221  0.806112  
-1.070747  7.019159  1.313858  
-11.876265  9.411899  1.319894  
-10.909496  10.665982  0.695081  
5.499823  12.957818  0.385661  
-8.408348  12.896377  1.764182  
-4.99992  3.339643  1.365075  
-10.068683  9.830992  0.388833  
-13.667721  -3.788369  0.634399  
9.844344  -2.728666  45.569428  
4.475121  13.971904  16.449927  
-14.015571  -10.733612  5.189577  
1.916969  11.315053  1.343822  
7.559075  6.735488  13.991438  
-2.701451  -8.542273  0.920368  
0.41923  -9.348176  1.591487  
5.154028  7.088291  2.015558  
4.518574  5.00261  1.599562  
0.826308  -7.776686  1.828142  
-10.787234  -11.668366  0.859582  
14.684431  7.831011  35.002146  
9.376969  -5.20761  20.88332  
0.093431  -5.500927  0.647097  
-1.584568  -7.61595  1.084283  
8.378196  -14.53514  1.034146  
-12.005014  12.412306  2.208748  
-7.686233  1.155898  1.838364  
-7.109999  14.573576  57.394895  
2.154273  2.333964  1.280957  
0.459955  4.620861  1.991188  
3.147321  -8.473676  45.044344  
-11.366559  -7.033748  2.085694  
-6.775902  7.441159  1.544769  
-7.419452  -11.107968  0.654088  
-2.196046  1.654049  0.871552  
14.219893  -7.789779  1.658521  
-10.675792  -10.191077  0.347332  
-0.091097  0.481179  1.028155  
10.58061  6.139887  0.858335  
8.971676  5.325353  0.663945  
-8.514104  8.215538  1.154822  
14.028149  7.471307  1.336898  
-8.356833  -8.214347  0.812729  
10.374136  -1.855798  1.560506  
-13.539943  12.161166  2.109023  
-11.11766  -12.058986  23.508943  
4.137158  -4.55607  32.096693  
8.991269  -3.826261  0.579976  
-5.528952  -9.686736  0.751332  
-8.495875  -7.213239  1.656477  
-7.08695  1.916607  46.772445  
14.238735  10.711061  0.391455  
-5.476764  12.478737  59.619616  
2.611906  7.312642  1.524126  
1.724041  -1.377  1.444322  
6.162715  -2.474016  0.979977  
-9.111377  4.118036  0.413196  
-11.352706  -1.424088  43.757313  
13.682896  -4.142004  38.531676  
10.078636  -0.696587  21.514621  
-12.75739  12.576715  0.911219  
0.890358  -11.109806  40.971002  
-8.796434  -4.982186  1.67877  
0.718355  -10.16569  1.60647  
4.854253  -4.162724  0.511596  
-3.380977  -3.629327  1.396966  
-3.06165  -5.395054  7.887854  
-12.610219  -4.212177  1.425507  
2.973972  -3.64909  0.886697  
6.604492  -3.261815  0.547504  
12.175478  -9.582061  45.266755  
9.926202  -12.960296  1.706747  
-0.469521  -0.955197  2.080613  
2.672042  13.7601  1.352032  
10.54024  -7.215682  1.751913  
7.345232  0.449511  0.892766  
7.635876  8.601694  0.537983  
-8.286497  14.936112  1.650836  
4.873641  4.025791  0.710901  
5.733426  -4.500001  2.096568  
8.494592  4.946094  1.854005  
8.413693  8.490822  1.237904  
10.764021  5.133623  1.1446  
10.692002  0.684992  1.445306  
-0.839985  0.986338  0.401306  
-0.750875  10.624834  5.034933  
14.72712  -14.745474  0.698544  
12.814716  -9.926294  2.076039  
-3.948338  3.378052  1.508595  
-9.088741  -8.938405  0.638022  
3.453468  8.078166  1.853034  
9.11601  -9.765669  1.186373  
-7.280522  0.05864  0.449774  
11.228804  5.347886  8.883433  
-8.822743  3.491429  0.831746  
-6.584848  2.883036  1.442874  
-12.52983  14.022528  1.553521  
-11.251423  12.014187  2.051204  
12.827877  -10.844022  0.294522  
-13.432317  0.004391  0.647316  
-1.095573  -13.340435  0.493683  
-5.936665  -6.283048  0.451901  
1.618499  13.246986  0.638713  
-5.209904  -3.688407  1.19441  
7.23665  -10.1223  1.017359  
-4.9419  -3.465719  44.082246  
-3.054909  -3.776129  10.549875  
-12.107273  13.706396  1.687201  
5.719382  -2.180561  0.615605  
12.399945  1.663853  1.11722  
-2.8179  -14.420771  0.482568  
-7.852946  0.888168  0.924327  
-0.668707  -13.824903  0.286653  
1.202264  1.146587  0.271627  
1.408674  -3.658071  52.980817  
-2.479322  5.333344  0.911245  
4.394453  8.600537  2.088626  
-0.296554  -3.795093  0.804781  
13.931232  -10.041244  0.846896  
5.421609  -5.902669  0.564514  
7.318102  -8.201101  1.435288  
-11.608024  -13.464912  1.355427  
13.621719  -5.719237  31.896708  
6.298581  4.626155  1.56528  
-1.182135  4.974389  26.833918  
11.690458  14.698213  1.420045  
9.838932  14.500826  0.200886  
6.420282  0.525357  46.956302  
5.353639  5.984595  59.912083  
4.320733  8.92265  0.377472  
-9.01074  -14.118887  1.778888  
-10.126624  5.251398  37.64909  
-12.700093  8.124702  0.841615  
1.379795  2.701679  17.160653  
-8.05553  13.566392  0.803576  
-0.381659  -9.856878  1.874867  
9.862694  -9.786244  1.025442  
-2.662145  13.713174  1.166473  
-6.213668  -8.749866  0.541158  
-4.549424  -8.58078  1.539231  
-3.500337  4.065364  0.993013  
-14.333782  -14.930058  0.730499  
-2.096926  14.404497  1.555535  
-14.570234  2.803383  0.388958  
-3.196659  2.121168  0.638513  
-10.506227  -1.49392  0.899846  
14.608742  5.449309  1.004954  
-4.915466  13.908277  1.692522  
-0.78975  6.839404  1.448828  
4.320543  6.928853  0.356966  
0.721159  -3.283519  0.301263  
9.042865  14.778892  0.498116  
-12.671488  5.995258  0.506353  
-7.254092  6.961729  0.386983  
-0.535416  2.368784  27.692948  
5.416322  11.992735  1.126995  
11.434782  -7.211332  0.269783  
-5.867471  14.066666  1.877221  
-14.770845  10.181812  0.6522  
-10.340476  7.193323  1.814508  
-3.652088  -1.671442  51.41635  
-2.60084  14.623843  1.910899  
-14.427964  1.420292  2.151461  
-6.656841  0.99133  51.228469  
-13.828756  -7.02664  43.291126  
12.892066  9.074873  1.331301  
6.449268  4.905924  0.321385  
12.497025  10.220742  2.153845  
1.930807  4.99481  0.771087  
10.31042  -14.55576  0.259465  
-3.588038  -11.34941  0.595232  
12.980776  5.055328  0.552807  
9.068449  -11.278027  0.908918  
-11.064374  -11.919542  1.818544  
12.044905  12.342787  6.319216  
0.041519  -4.568554  1.641272  
1.996721  -4.556892  0.867438  
-9.162124  13.711464  0.572624  
-5.691861  8.016003  1.00919  
-10.877385  -3.226985  0.334825  
10.191704  -3.663077  0.940737  
-7.422836  14.41285  2.010329  
-7.041071  3.581412  0.337794  
2.244185  11.641119  1.898706  
-4.400404  8.085523  2.06866  
-11.500465  -7.96968  2.04855  
11.377142  1.844214  1.773595  
-7.697308  9.78589  2.247843  
4.636906  1.684801  0.778846  
2.524865  -9.028329  1.042892  
13.610037  2.989963  0.772148  
-1.397078  10.69729  2.106076  
-12.764328  11.188263  2.01292  
-11.433781  -4.105826  1.959683  
10.468648  -1.692806  43.579063  
8.122161  -1.233297  0.585404  
-2.096882  -7.734179  2.166133  
-8.837997  -3.726367  8.29635  
-5.773703  -3.290252  46.182968  
10.908962  -3.689299  2.256786  
2.423842  -12.745822  2.026281  
-5.34597  -10.755818  1.147842  
-14.770113  2.958861  1.792538  
-7.343331  11.840329  1.071816  
-9.230566  -9.6457  2.199331  
13.919654  -11.113164  53.696997  
-13.666922  9.079874  0.638643  
12.249887  -13.110769  0.863394  
-12.912408  8.657203  1.85127  
-4.198392  5.344986  0.449069  
6.371302  14.802629  0.430082  
14.314809  -1.810387  0.896103  
3.2992  -14.437395  1.898937  
-10.211147  4.820915  1.277137  
2.430115  0.187233  3.637059  
9.980922  -6.423043  1.505839  
0.154935  9.238902  2.237395  
-14.29272  -3.395719  1.833913  
11.461947  12.006156  1.739063  
7.638424  5.574274  1.488455  
-13.986148  10.028039  2.016763  
-11.215549  12.750673  1.787389  
-1.359599  8.696554  32.393967  
-6.069049  -9.603277  0.661846  
11.895046  4.743338  0.936375  
5.373917  -14.714599  1.472619  
8.337885  13.186871  1.364642  
8.306541  -13.826211  0.966569  
5.545389  -14.14171  32.24379  
-10.753263  11.003883  1.19167  
-8.405233  -8.910136  1.457154  
13.688783  1.591548  12.841431  
-11.103743  -3.316189  1.429165  
4.061752  -0.649049  0.225192  
3.21118  -11.310049  1.359123  
-8.287693  10.701445  49.184993  
-9.571553  -1.809838  0.421158  
-3.424016  12.673608  1.910445  
9.633115  5.519213  17.305012  
-3.14152  4.212493  0.565867  
0.956305  -9.018886  1.36363  
6.15858  6.898707  1.270961  
1.72557  -6.163247  2.105328  
9.234551  -13.168276  19.02755  
2.829449  10.063569  0.729593  
13.19723  9.1491  1.550114  
-11.32112  -5.006483  13.678754  
1.478733  -11.131985  0.738854  
-9.95978  4.818738  29.316969  
12.047576  -10.058658  0.54256  
-9.363215  11.692706  0.694726  
-2.410522  -14.36015  1.034369  
-8.357142  9.434341  49.749717  
3.540724  -10.885699  53.643332  
13.982033  -13.9307  0.415364  
5.404884  9.480648  17.203044  
-5.343875  11.312873  0.567562  
12.340976  5.712402  0.271264  
-10.412175  3.453974  2.080998  
12.106596  12.724073  1.411532  
1.779878  7.124708  54.134817  
-0.243517  3.957204  0.84846  
7.360164  -2.176941  1.421608  
-10.715239  -11.34236  0.531143  
-7.233509  13.640218  0.682486  
-8.155237  14.071977  1.906966  
-14.22906  4.633162  1.328752  
2.856761  9.606863  1.352334  
-10.271068  -9.891371  1.675952  
9.340203  0.876589  6.37955  
-5.683103  14.483104  59.856005  
-11.468751  1.172762  40.094665  
-9.519781  -11.235197  17.097004  
-11.358068  0.874462  0.954354  
6.065674  -0.936484  1.678681  
0.750814  -6.612694  0.291709  
6.648893  -9.405656  1.976219  
6.875568  -0.525138  26.21608  
-13.486903  10.651325  0.485396  
9.514209  14.132049  1.227882  
-4.934405  -0.931346  0.654487  
-7.172922  -13.307649  57.677945  
-11.884609  5.869656  1.893602  
-2.882971  6.98121  0.615133  
0.861892  -5.213843  0.62021  
0.541052  -7.483271  15.907383  
4.968911  -4.345384  50.34353  
5.839469  -9.4623  1.495096  
-5.406224  -9.911461  1.928936  
1.006393  11.632657  0.28036  
11.727427  -11.251403  0.636842  
4.826242  -13.909646  0.444546  
-14.825847  0.61301  0.445806  
-6.493795  -0.300308  2.191662  
-6.972095  -6.547695  1.495237  
-12.560986  -12.411954  1.221931  
-3.122438  0.531838  1.844167  
-4.25372  -4.835267  0.462979  
-6.990165  6.569556  0.312155  
-3.291389  -3.157042  1.98559  
0.879054  10.184039  33.657375  
1.515038  0.56653  17.680545  
14.382261  -13.224227  14.263819  
5.207775  13.074969  53.43764  
4.103105  -7.249236  1.285501  
14.309716  -12.044378  16.775614  
2.766283  4.728489  1.668558  
-0.404681  -11.359084  1.180806  
-13.214048  6.464928  49.77592  
-5.667236  5.826191  0.635  
5.505269  -13.83334  0.283487  
-13.302539  14.81122  1.388128  
-1.765315  7.345984  1.91549  
-2.237877  -12.294095  0.498603  
-14.970869  6.449415  0.533939  
6.088761  -2.067567  1.82261  
13.004796  -2.005582  2.071741  
-4.312867  12.585692  0.468305  
5.999055  5.303613  0.979699  
-4.283362  4.480489  0.452469  
-8.186149  -1.147584  0.861161  
0.845149  14.112205  1.053991  
-1.975205  10.268976  0.724187  
1.969925  -8.501668  0.34094  
-9.464415  0.089402  35.427833  
-4.483706  12.580265  1.209853  
2.223183  -6.142814  1.830145  
4.068395  -14.138683  1.94606  
0.156111  12.821517  49.782839  
-6.044258  -1.822714  29.040579  
10.326164  11.856688  0.544901  
-13.520263  14.670458  0.423857  
-0.383052  1.126617  2.232237  
0.93923  -10.534106  0.278953  
-0.756016  -10.862307  0.324024  
-5.81975  -7.26978  0.356283  
10.805987  -14.021598  1.656444  
12.856205  -12.035849  57.222356  
4.096092  -11.053412  1.779405  
11.774029  13.715673  30.582365  
-3.884885  14.355339  2.100142  
11.422711  0.88412  0.564925  
-1.237395  -9.369547  0.398979  
-14.122112  2.98971  1.822213  
-1.05403  -14.149085  2.176523  
-8.168393  -13.34464  0.358829  
-12.373715  -13.558281  41.922601  
0.981009  4.89855  22.949836  
-1.903509  4.494978  1.947211  
4.53939  5.741108  1.383862  
-4.416031  -0.054921  2.664252  
-9.908402  -7.712643  1.121228  
10.874109  2.979663  2.030673  
10.211269  13.827103  2.151729  
-4.693571  -6.051752  2.147271  
-3.58784  9.958047  0.208627  
-5.360299  -2.115309  1.002167  
-5.127618  4.007122  1.076611  
0.227183  4.742814  1.907461  
11.759934  -8.755149  0.770781  
1.67024  4.274018  1.14741  
11.13391  -13.052202  32.997287  
4.881573  -14.295875  2.141463  
8.007049  11.172443  55.475843  
11.169896  -1.288497  0.588014  
-11.664599  1.746399  2.126275  
-6.256729  -7.52942  1.886302  
9.931983  -12.736673  0.967548  
2.087169  -11.054079  1.925254  
-13.266128  -6.325806  1.550503  
1.758872  10.691018  1.290457  
-10.605229  11.225594  1.98286  
11.039987  -9.031193  2.20503  
-3.669215  10.637554  7.625621  
-13.482954  7.678875  7.40725  
8.749444  5.050697  36.087964  
-3.825499  -8.047588  15.774782  
-7.413753  7.459362  2.021663  
10.371412  10.784624  0.494005  
-2.17703  -5.299854  0.870467  
-11.871439  -14.667162  2.234613  
-1.397604  3.955015  33.312813  
2.14766  13.789366  43.543113  
1.910716  12.531761  0.561512  
8.657843  -8.431388  1.682106  
1.943516  12.676371  1.942842  
11.66873  2.874373  1.026727  
10.426316  -9.236753  1.450157  
1.661918  11.336316  1.929785  
-13.027225  2.277405  0.270956  
7.607208  12.8735  1.205173  
5.459217  -13.208932  1.219766  
-12.03352  11.38581  1.331527  
-6.676314  -13.517135  0.827436  
-5.833744  12.005282  1.508777  
-7.322307  -8.21223  0.332322  
-6.261532  -8.295204  38.211468  
8.527833  -5.963377  49.304451  
-9.199646  0.6194  1.952137  
8.529997  1.232171  1.739903  
-1.741236  12.155782  0.232136  
-7.155071  -5.902391  0.40717  
-14.225243  -2.02654  1.105522  
7.541552  13.345711  24.880958  
-3.337899  11.708792  1.946392  
-14.947495  -2.680921  41.68253  
4.384935  -12.700926  1.712692  
-2.533807  13.337369  1.920816  
0.597856  4.983187  9.443061  
-1.350596  12.086458  1.90386  
-2.364974  6.95867  1.867926  
1.518591  -14.565207  1.971103  
12.60752  -12.463478  1.617706  
13.598366  -9.459978  1.145004  
-11.948253  4.826001  1.789101  
-7.796706  -11.575102  1.030471  
-4.750726  6.037543  2.145841  
-2.829251  -1.820111  0.757749  
10.889385  -0.422153  1.933246  
-9.463455  -7.268771  1.722566  
10.355291  9.984029  1.400894  
3.776624  0.867834  1.248478  
3.414098  4.273644  7.611006  
1.255829  -5.251381  1.720455  
14.858249  5.293983  0.68067  
-2.078752  0.920043  1.123907  
3.093522  4.638247  0.744607  
-12.049261  2.311097  1.170569  
2.225898  8.028849  1.173102  
14.964401  4.509677  0.439133  
-3.589852  2.202228  39.934594  
-10.807842  11.404823  0.822961  
-3.76142  14.629713  0.525456  
10.520747  -11.937649  2.160384  
-8.927827  11.46587  0.94271  
7.568913  -1.846489  0.256088  
-12.400905  -11.547459  0.92905  
-5.243683  -0.794174  2.212433  
10.426575  -9.762245  1.332825  
-6.672294  2.691871  1.068917  
-6.036092  12.997804  0.281902  
-9.775357  -7.468221  1.204069  
-11.417967  -6.999069  0.778835  
-4.764072  -0.138493  34.053472  
-3.382307  3.643167  0.337355  
-0.840904  1.549716  1.018375  
12.481826  -9.886657  1.456854  
-14.214499  13.878541  1.761284  
-7.113517  -11.980267  43.379773  
-0.086556  6.992531  1.527008  
4.104886  -14.408849  2.135704  
0.89836  -1.910717  32.229936  
-9.75431  -14.962498  2.020089  
-6.801286  5.484844  23.043598  
2.938908  -10.264889  0.671354  
6.492219  3.202302  0.445591  
-6.116656  10.044608  1.068749  
1.507886  -12.459281  1.537865  
9.576631  -10.17367  0.357274  
-4.335923  -14.541511  44.698817  
-10.23944  8.843331  12.522047  
11.467147  12.237738  55.309413  
0.407  -10.574498  1.311985  
-8.713339  14.957272  2.157846  
-12.355513  -7.921081  36.69212  
10.531405  8.264816  44.159836  
-3.053874  7.630412  0.616307  
1.707273  2.244508  1.887832  
8.792695  -14.705257  0.27098  
-8.002638  -1.728777  0.428732  
12.212697  -8.013543  0.290333  
14.722502  -8.873014  1.522163  
-10.976685  10.29749  19.07779  
9.988749  13.675973  0.487631  
-11.520774  1.707557  0.74569  
-9.947617  -0.440823  1.290951  
11.044275  14.33972  1.367782  
-14.513275  6.197582  53.106923  
8.965701  11.762547  0.536185  
-11.808882  0.062204  0.469957  
12.091792  -7.750772  0.407918  
7.956651  5.309475  0.774308  
4.135682  -13.636583  0.24634  
10.642428  -6.532534  17.962862  
-10.103535  1.596815  1.753282  
14.14592  -6.859717  0.203411  
-6.756089  -5.797012  57.709705  
-11.66379  -12.645807  0.521553  
-1.919702  10.188408  2.150095  
-1.062948  3.181868  0.306534  
11.229569  11.152337  29.792397  
-1.6073  1.040203  1.030685  
9.680292  -4.039262  1.39436  
3.417088  4.076826  1.634908  
-7.060857  -13.407561  23.563805  
6.207743  2.297841  1.489024  
13.389472  -12.950063  1.92264  
2.455926  -11.132161  0.974887  
2.053416  -3.910746  1.194292  
0.794634  8.492171  1.413458  
-11.443656  -0.657513  0.767668  
-1.905601  1.592092  0.926204  
7.090576  -2.839639  0.541011  
-12.092137  14.923837  36.578359  
-7.417919  14.879721  0.92345  
5.361697  -0.81128  0.646333  
13.803411  -5.913458  1.47459  
-11.601133  14.164852  1.162078  
-13.936352  0.583788  1.717277  
-0.498663  8.103872  0.415798  
-12.565939  12.390362  46.500492  
-0.391768  -9.376815  2.101954  
13.595652  -3.546197  54.024822  
4.070066  14.123739  2.844974  
-1.656566  1.60037  1.063745  
-0.021615  8.509174  2.699819  
0.812504  6.093017  1.08903  
-14.880977  1.803869  1.716245  
-0.353038  1.83769  0.935306  
13.307243  -4.31965  0.422073  
-12.497276  -8.055758  0.607219  
13.333358  -11.502031  1.650251  
12.962424  -13.544234  2.25142  
10.602318  12.815979  1.998273  
0.090835  -3.025738  1.565364  
0.293738  -6.394224  1.9127  
13.414463  3.816356  0.258862  
-13.563022  -11.750778  0.41918  
-1.717216  -11.473593  45.098735  
-2.493348  8.320167  1.845456  
-13.439051  -5.014433  9.215671  
-5.451201  -5.583227  0.938797  
12.835095  5.879502  3.664333  
-4.28017  0.505939  1.154836  
-4.762269  13.869509  0.476978  
4.32421  3.267851  1.653931  
5.863374  8.06548  1.053276  
-3.279005  0.423645  1.975803  
8.039883  -7.37338  0.659888  
8.941529  -7.075816  0.947718  
3.687185  -11.159104  0.864664  
-6.810455  9.384315  0.66398  
-3.512003  -10.432228  42.40644  
-0.027602  -8.04313  31.961145  
-10.939444  5.239104  2.03651  
9.032216  13.417829  1.128118  
-7.023449  7.024694  14.484011  
14.704468  1.934757  1.973195  
-12.257408  -3.888909  2.177865  
-1.322071  -4.58237  1.336682  
1.691501  -1.154588  43.219057  
-1.849818  7.009515  44.884  
-10.512273  -13.044548  0.317539  
13.516715  12.458889  2.046205  
13.192872  -5.432366  0.367908  
-6.327682  4.904731  1.578536  
2.057146  -2.28107  33.763322  
13.518768  5.309865  1.669701  
-7.450711  3.450395  1.433529  
-9.266852  11.984421  0.487108  
-6.781077  -2.876069  1.591184  
6.645469  8.304113  4.360395  
14.461635  9.7466  1.374215  
6.521252  2.439419  1.625037  
-6.068199  7.986345  0.871389  
6.188251  -11.574497  2.008466  
-6.947214  -11.220013  35.312632  
12.232641  1.701577  1.623841  
2.193842  6.136033  21.897877  
13.928407  -11.545637  1.043458  
4.675233  8.725512  18.026987  
11.99059  7.152027  0.982584  
13.154967  -2.871799  1.046098  
-10.231432  -13.007384  0.252873  
10.68927  -7.809087  13.137159  
5.275018  6.157838  1.589195  
-13.352324  6.300616  1.50885  
12.938406  -1.172357  1.946163  
-7.718577  6.699552  0.6635  
13.839652  6.497603  0.305694  
2.25908  8.172975  0.485671  
-6.024707  -6.067475  1.476314  
-11.829496  -3.558144  1.370657  
-7.576817  0.740385  0.76876  
-0.366679  14.121602  11.984716  
-14.065709  9.513773  2.166703  
7.542213  11.66598  2.115218  
-9.55281  6.975519  1.757333  
5.637816  -10.167391  0.257804  
13.087372  -5.235096  1.76083  
-6.730769  -10.436451  1.414124  
-8.534117  -5.920773  14.216025  
-5.908499  3.755496  45.865815  
6.881961  -14.396959  1.568087  
-13.11529  -8.63304  1.718157  
-1.498371  -8.411309  0.46642  
12.170686  -14.082286  1.780537  
-8.249702  4.596364  1.231416  
-8.253325  6.668278  1.75008  
6.558813  3.356142  0.686348  
7.524751  -1.347567  1.015162  
-8.369427  -2.893646  1.96383  
-2.437997  0.234003  25.515282  
3.041605  12.815097  1.605115  
-4.069472  4.526699  0.240119  
5.422317  14.280597  1.017869  
14.707585  -9.121655  0.697514  
-9.796448  -13.121606  24.129086  
6.186089  -14.163026  2.093866  
-2.059359  13.865941  1.207606  
-7.431453  14.24526  1.483849  
4.286462  1.29773  1.375954  
-10.486431  8.623124  0.789526  
-2.758575  -11.562797  1.806161  
-8.357557  1.811295  2.18747  
3.091088  -6.280203  1.240849  
4.371314  14.651802  1.84957  
4.002391  14.930207  0.376269  
-10.216464  -4.596385  1.028085  
9.609795  5.986317  1.445007  
-12.087456  7.916023  1.312915  
1.835175  -0.28223  1.497893  
3.088983  10.02707  21.355692  
-2.455613  -11.432889  0.421329  
8.875233  -12.465142  1.646984  
-12.125529  -9.061957  10.849489  
13.287536  6.8708  0.888565  
-8.151732  -4.4082  0.534292  
4.244404  3.440824  0.900051  
3.524574  -13.525572  5.459423  
-14.867543  9.803417  0.726077  
-8.067585  5.950293  0.444456  
-10.453235  6.024429  27.120249  
-13.104632  10.067934  2.202181  
12.34549  3.204498  1.718756  
0.058266  12.248517  0.48648  
5.458739  2.510933  25.688919  
1.946966  -3.158396  0.76276  
-9.118324  8.077627  1.868182  
-0.1025  1.672225  33.667263  
12.594527  8.351661  1.182467  
5.066576  -6.453218  0.638672  
-3.972034  -6.89275  0.207116  
9.442981  2.943658  0.213984  
8.771134  7.624553  0.499436  
10.653708  -7.296507  1.765997  
3.123594  -4.311003  2.09629  
3.523001  4.682495  0.937932  
7.741393  4.946061  1.604282  
-6.265361  -2.25647  0.735869  
-0.291805  -1.869804  0.921415  
-4.057262  -8.802572  0.542461  
-5.931231  11.812192  1.389181  
-2.730006  2.54453  1.476725  
2.470314  4.962219  1.328074  
-5.037194  9.252937  59.634766  
-6.588351  -13.999393  1.267652  
-12.254247  -8.716482  1.646496  
9.016968  9.035236  0.697649  
-13.282928  -13.328405  1.027851  
0.502217  -2.090069  4.299083  
-11.154579  7.658318  34.113267  
2.645419  13.156857  16.691626  
-2.794116  -0.499372  22.198861  
-5.740573  3.81542  2.002489  
13.40049  6.460299  1.960925  
-8.252227  -13.808718  0.376642  
2.849752  1.510178  1.246921  
5.013243  -6.483787  34.77993  
-13.734623  7.384031  0.310716  
-13.644504  7.811725  2.127509  
-11.611683  8.751098  1.704019  
11.563038  -13.343582  39.498315  
-6.450685  3.381244  29.035881  
4.800256  4.111487  0.330965  
-1.875534  -8.514925  2.006966  
6.5535  -10.666356  0.504646  
-8.244782  -4.818721  0.959669  
-13.97269  -13.794516  0.828279  
3.183577  -2.256942  1.347019  
2.160823  -0.841547  1.727855  
14.908144  -14.698479  49.349741  
10.75677  -7.18386  1.834853  
-9.294865  -7.460029  2.057357  
-1.988759  10.286613  0.993825  
8.73089  -11.048911  1.239714  
-11.424228  2.928715  1.736135  
7.459063  13.446992  0.256307  
4.061984  -0.713316  1.400341  
3.21254  11.466767  2.147243  
3.324832  7.521809  16.138252  
-5.137349  13.639293  2.012557  
-12.632128  -3.264601  1.511663  
-5.348995  -0.078255  0.659412  
14.979673  12.30162  1.945151  
-14.790345  14.054872  34.70603  
-7.454191  2.542839  2.008709  
4.725257  -4.216848  1.712336  
8.987823  9.112757  1.893954  
13.584406  7.010479  34.748225  
-7.941941  -6.353494  0.635096  
-8.244041  6.715323  1.018529  
-1.670971  -10.967838  0.24416  
2.537271  1.155219  5.314826  
-8.01108  -9.259974  2.019344  
-14.814659  3.45573  0.585251  
-4.368448  12.857364  17.919874  
2.888702  4.714848  1.947903  
-14.757824  -2.234787  1.164257  
10.84553  5.15658  58.869503  
4.882825  -9.738347  2.115674  
-14.561762  13.642663  0.548939  
-1.930637  -0.047282  1.97757  
14.117191  5.192971  1.152613  
-12.774109  -2.83421  23.279311  
-1.553739  0.737699  0.515639  
-5.706178  2.86062  1.135384  
-10.344152  -1.748705  1.811829  
11.18372  -11.287543  1.25803  
-2.730206  -9.312921  10.826491  
7.926975  -1.786821  1.646895  
9.249236  -11.073891  0.638801  
-0.54895  -7.617161  0.791213  
-2.134874  -8.580658  1.492619  
-1.959303  3.359908  0.579062  
4.95883  10.059498  0.310111  
9.435968  6.687496  31.655324  
-10.474469  7.331896  57.24612  
-1.027216  2.732615  36.816034  
-11.903928  0.173269  1.949719  
9.596028  -8.091286  1.926481  
-1.650458  6.433117  30.258976  
-13.744849  4.375714  1.315758  
-1.389488  -10.193097  0.4864  
3.221037  10.176341  55.975287  
-9.268125  6.431905  0.707563  
-11.133149  -1.310033  0.966047  
-0.58586  7.262631  1.231365  
-8.413922  -2.028639  1.60442  
-7.017478  3.42725  6.336841  
6.017239  7.865108  0.690136  
-1.632555  7.595975  1.159598  
5.87034  -4.974881  17.207215  
-14.922885  7.224934  31.624058  
-6.720876  2.792177  0.529851  
12.010854  -11.107988  0.498331  
-2.453984  -13.585548  0.238411  
2.192907  13.621039  0.965381  
2.942295  -0.892919  0.312936  
-10.545208  -0.579727  0.711394  
-9.536645  -4.826201  36.556954  
4.390475  2.56616  1.100383  
1.956643  -12.999983  1.294827  
-11.170538  -3.505604  2.176761  
-11.3705  11.022678  0.277395  
3.585139  10.848649  1.974664  
-7.002491  0.55617  0.240313  
-12.774127  -3.733411  58.790049  
7.54251  -14.913868  0.31462  
14.656656  -8.850156  0.508073  
-4.119012  -11.602677  0.816929  
-6.697604  13.216144  0.349457  
13.946855  9.216479  1.862202  
0.414821  -8.48372  26.289317  
0.671832  -12.784519  0.483816  
14.040867  4.458909  1.657381  
-11.806264  -2.314297  39.607592  
-9.879221  -11.227361  1.957737  
7.04045  -1.345382  28.295067  
-5.712636  -8.126798  37.936957  
13.75415  -9.654778  3.172796  
0.975975  -7.444092  48.038133  
-1.457967  -7.933203  51.890096  
-9.068097  12.346468  0.677016  
13.264365  -8.413412  1.056921  
-2.853367  3.010321  2.141235  
-6.341002  -8.025825  1.174353  
11.865726  -12.421735  14.976123  
-12.532695  -14.238782  0.551987  
-3.295723  -14.655881  1.100673  
-4.715266  -12.708994  47.383091  
-8.000999  -3.513547  1.737029  
-13.641075  -5.577531  2.023192  
-14.462217  14.763095  1.963838  
-1.134035  -8.026088  0.691654  
-5.324084  -0.993652  6.87947  
-9.643922  13.809753  1.343104  
-8.305905  -12.44172  1.969281  
-4.81946  -4.496573  2.256487  
5.90976  1.82573  1.407945  
9.715374  -6.262751  1.077791  
14.75312  -3.37914  1.87069  
14.173337  9.257103  0.386982  
10.230428  9.431402  1.597465  
-12.87696  -3.706007  1.675334  
2.360689  -3.772701  1.182556  
-7.923885  -4.792757  1.352117  
-14.311961  3.732015  20.084325  
-1.667317  -1.230577  0.498381  
0.403733  -8.890761  2.25226  
6.71501  14.699884  2.097999  
-10.171701  4.083627  2.126331  
1.901854  -12.850095  1.359617  
8.369637  12.545597  1.208584  
-1.713149  -10.099913  0.870259  
4.760051  -0.648159  2.104837  
2.822533  13.076734  36.288229  
-3.419878  1.93072  1.468253  
-3.321545  -3.580399  47.096523  
1.729378  -9.729168  1.47044  
-7.368573  -13.875404  1.078514  
-14.276071  -10.455582  1.794037  
0.754792  9.690897  0.690174  
9.262157  -11.39706  1.382002  
12.840117  13.96825  0.558374  
0.866084  10.553638  0.514665  
