Customers 1000 
Coordinate X		 Coordinate Y 		Demand 
-3.273909  11.525511  7.132257  
5.428456  3.007944  0.474145  
-1.578649  14.438182  0.559836  
-6.245634  11.023052  1.500556  
9.167335  0.142408  2.248738  
11.843795  -14.248269  0.753573  
-1.490715  9.35221  0.218973  
13.89427  12.88949  0.794689  
6.407536  -8.954596  0.24199  
14.023426  -0.404926  1.698207  
-13.541028  -3.791893  38.315987  
-0.319969  13.535279  16.596414  
4.908192  7.404815  36.10891  
-3.766218  -6.696024  0.40906  
10.8655  -7.695493  27.687951  
4.344202  -8.755997  37.436058  
-2.577639  4.426816  58.338891  
4.783807  3.860473  1.148266  
13.715473  -14.427799  2.131435  
12.165382  2.472613  1.58423  
-8.279021  -5.696044  0.613473  
9.495461  14.65434  0.600891  
14.469447  11.677357  1.609787  
1.244577  -14.696208  1.222701  
-7.919439  1.996748  15.458383  
-8.668714  14.900209  11.401002  
6.050327  14.318982  1.67781  
-4.081134  1.587186  0.525691  
4.837656  -10.354947  56.019908  
-10.615853  5.961764  0.363633  
-12.252539  -1.807103  38.39014  
2.385452  2.95734  0.474769  
-4.347227  -14.4737  0.764732  
8.902574  -9.474873  1.726164  
7.718509  4.891207  1.859697  
4.066089  14.435438  1.922687  
2.112824  12.836818  0.711552  
0.770633  0.903068  15.474557  
4.190907  14.145537  1.735968  
-9.459236  11.500019  1.893153  
-12.559868  4.632588  0.695431  
5.486075  13.468735  0.880699  
3.576995  6.441933  19.056336  
-2.553207  6.434457  0.974482  
-4.957733  6.479328  1.459328  
11.274858  14.893384  1.822337  
2.77144  -7.70011  2.174103  
-12.275973  11.712143  1.867426  
3.537199  -0.036624  1.872315  
6.022961  -11.46335  0.663628  
-4.20569  -10.298663  1.667298  
14.897711  3.052366  44.616853  
-11.85716  4.859659  18.679501  
-12.748061  -7.83457  1.706552  
-12.416257  -12.957834  2.027863  
-8.10943  -13.577963  1.695327  
7.627998  5.758414  0.912985  
8.518127  13.915142  0.971061  
12.422927  -5.426336  1.761186  
-2.431254  10.503406  1.767803  
9.030693  3.722018  0.722614  
-4.70165  0.692645  33.881098  
10.421746  11.22825  1.800098  
4.465513  -13.527556  0.46601  
-10.01267  1.914443  2.204876  
-10.060181  12.035121  1.7674  
-14.236729  9.294784  2.267981  
10.56607  4.82581  37.009773  
-10.648225  -8.852917  2.021393  
13.795944  -1.513474  1.480479  
2.754711  13.039658  0.245817  
-12.723032  -14.034311  2.085634  
-12.98492  -13.783405  1.342098  
-9.511862  3.001139  0.649705  
-0.361318  10.164469  1.110963  
5.976611  -1.08001  2.140244  
6.429829  14.960013  0.61863  
-13.854082  -8.947531  38.218933  
-8.608147  8.403599  1.41525  
0.550966  -0.34226  58.115562  
14.578725  -3.44595  0.438148  
11.382363  3.355999  2.157483  
8.899503  -10.519505  1.314985  
-1.327202  1.158543  0.699135  
2.135014  -9.979314  1.251129  
-8.650095  -13.416839  2.021283  
6.103255  0.297313  0.901767  
-10.029551  0.890899  0.391544  
8.750572  -11.813745  1.198969  
12.559901  -0.707147  1.01804  
-1.955754  4.617769  10.403951  
4.07915  -4.676939  1.74455  
-1.78263  -8.687585  47.704893  
9.489629  -6.547163  0.933628  
-2.015069  -13.524729  1.408226  
-11.682828  5.379406  2.108007  
-6.729872  14.704129  1.55037  
0.326281  -0.850847  1.259936  
2.66999  10.921004  2.207289  
-3.854427  -10.192543  0.619443  
4.745754  -8.55118  0.612674  
1.801973  -4.717081  0.289606  
7.189761  -1.339354  1.09493  
2.560551  -12.915193  54.066242  
4.773481  8.596447  2.151736  
-14.331366  5.970127  1.947297  
-13.67333  -10.52405  1.165096  
10.479527  0.89782  0.593291  
-9.646627  7.984038  2.198096  
3.811999  9.91505  14.198342  
7.350846  -1.068873  1.931208  
-13.450518  8.717719  2.048952  
-3.178471  -8.315781  20.693072  
-4.201301  14.059225  26.959265  
-5.002733  -1.673284  0.793207  
-6.063728  13.313392  0.728437  
-7.742371  -14.320643  0.56826  
6.043703  -1.727281  2.139089  
14.76594  -10.243013  1.911256  
4.78564  11.601175  2.070987  
7.464517  -9.0382  1.954441  
-3.151003  -3.559659  1.247853  
-6.033281  -0.839916  0.554328  
-1.207685  -14.99169  2.195143  
-1.997827  -7.519772  1.229373  
-7.264569  10.178493  1.929543  
-12.741475  -8.534736  1.752673  
3.959985  7.505563  22.782071  
-9.162997  -6.984015  1.373423  
2.171548  -13.228274  0.312737  
-8.458624  -9.483861  2.130279  
-5.555594  2.414924  29.640089  
-12.064983  2.855568  1.737858  
-11.260488  -8.923994  2.237293  
6.174363  5.421812  0.66128  
-5.978967  -7.279191  0.430463  
7.121915  -7.893638  1.53238  
3.245803  -11.296395  0.896784  
9.134725  -5.395348  1.809805  
2.368591  -0.391811  1.026766  
-9.925262  -11.947072  0.959196  
-12.274417  -12.55654  23.052799  
13.29975  -4.235634  2.069242  
0.976856  1.067656  33.806168  
-14.135525  -14.360887  0.44578  
6.795537  -11.534914  1.306993  
-8.416392  0.426565  2.085865  
-0.272584  3.727656  1.127798  
-13.531302  9.13661  2.211573  
9.174921  3.115421  0.60065  
2.496093  7.880848  0.702194  
-2.538727  6.026293  1.498941  
0.229505  -8.848179  8.763613  
2.801561  -7.378221  1.325375  
14.826825  14.833649  1.204156  
-3.775  -8.93897  1.439749  
13.921716  -12.521985  1.689844  
-14.090923  6.199598  0.587065  
-13.040941  4.968975  0.773873  
-9.927487  -9.858569  55.665183  
-7.689253  -0.82839  1.01455  
8.341236  -13.987121  3.588361  
-8.442928  10.269359  1.182181  
-7.745146  0.486084  15.63984  
4.680446  13.647463  52.03091  
9.801069  3.656671  0.820793  
6.166811  -5.257745  33.098023  
-7.209765  -1.268393  2.24725  
10.118069  2.075463  1.257787  
14.214398  -3.715626  28.037362  
-4.351729  -2.588335  0.993404  
11.553442  -8.6064  0.408972  
-11.250155  -8.428946  0.496168  
4.6411  5.762229  1.947157  
-3.298328  -4.717697  18.576901  
-7.218963  -8.506497  0.990023  
-5.323989  8.367396  30.554388  
11.164693  4.016935  0.575607  
-9.088646  13.379567  2.107052  
-14.1478  -4.008712  1.621165  
-2.411176  4.652156  0.684436  
-14.936286  -13.500459  0.478537  
-1.641728  1.278862  1.430644  
2.802731  2.494507  41.980573  
-8.228785  14.084267  1.295926  
4.941906  -3.006116  0.766673  
7.041716  1.892192  23.959416  
6.854614  -6.144472  1.406665  
-13.44395  7.100024  1.364317  
-9.803293  -7.980186  1.093315  
-7.485437  -4.165122  1.622444  
-4.20613  0.602731  0.382647  
5.129687  4.988364  1.330451  
-6.751237  10.730633  24.806503  
-14.09491  9.019896  22.983396  
6.771265  13.85592  2.037241  
-10.792319  4.753919  1.487517  
0.914347  -6.696121  1.353349  
-8.097104  10.586062  0.553383  
11.585931  -4.977182  0.784103  
13.987009  6.859291  1.890811  
8.325799  -9.07896  1.751839  
-4.110412  -5.926762  0.742626  
8.591086  -10.035239  0.35658  
9.203419  -0.477677  1.769539  
-6.845371  -8.526423  0.386675  
-6.743805  -11.521437  1.941053  
1.944398  12.508729  0.901829  
-12.601028  7.609631  0.622516  
13.193029  -11.657389  1.477134  
11.232657  -7.27287  7.859145  
11.156114  4.789933  2.173389  
-1.833671  -13.01705  1.128418  
-6.008726  7.077435  0.727419  
1.207075  2.286953  2.205615  
-3.173586  -1.690687  0.826863  
-5.774077  6.481758  0.346368  
5.597549  -3.030608  0.311029  
-14.190934  -11.768048  0.40373  
14.027569  -5.88933  5.90741  
-5.223354  -11.849076  2.032127  
1.861567  1.653058  1.883684  
1.821397  3.615198  1.704595  
-13.141938  9.365693  0.554345  
-12.927203  -0.850047  0.663041  
-6.335216  3.223928  2.018158  
-13.175054  3.909387  0.656775  
-11.169886  9.693123  1.253009  
8.803993  6.108084  0.965464  
6.061914  -9.174503  5.870546  
4.610067  1.771865  1.283075  
13.117462  12.922344  0.352479  
8.606297  7.627479  1.642637  
-3.81699  -1.407441  1.514136  
7.644197  -10.533997  1.828759  
3.463823  2.777544  1.736317  
-1.61417  9.913489  1.282615  
-7.313233  14.799538  0.355287  
14.897024  13.744526  16.847602  
10.951464  -8.638111  12.644629  
10.466493  10.857182  0.356618  
0.565511  -8.912352  1.625539  
-0.023081  -2.058865  1.546579  
7.751719  -9.378839  0.653193  
11.737812  10.722653  0.994131  
-9.135522  -14.441743  0.592569  
-14.656189  -10.749313  53.327039  
-7.347781  12.998928  1.380646  
-12.531592  12.27821  1.262139  
-0.510017  -7.299169  1.844208  
-1.026195  4.167622  1.976973  
-3.360093  -0.739753  0.551699  
-12.203495  0.689186  28.856325  
-13.145417  -8.696566  1.129134  
9.098081  -7.951705  0.908672  
7.673927  1.09383  0.411287  
-5.604776  0.087727  1.182236  
-7.238036  11.238439  23.749915  
-12.134909  0.275158  0.227034  
-7.768626  9.629023  1.00313  
9.348208  -5.833136  1.270914  
13.991582  14.467493  1.546981  
11.829049  -6.722887  55.945748  
14.325146  9.116769  1.581872  
1.650019  2.183444  7.391449  
-13.352933  -14.250055  2.13248  
13.083831  -11.109237  1.065427  
13.299079  12.056319  1.274179  
-9.539086  13.298812  0.242072  
3.595619  5.989228  0.306633  
-14.107836  0.838519  1.515283  
-1.038053  0.839203  2.227133  
-6.511057  8.125512  57.727434  
5.594648  -10.980617  0.271599  
7.347488  -10.524476  1.492852  
0.689458  -6.985497  12.809266  
4.906357  -2.229327  1.924433  
14.503881  -5.293447  1.081078  
-7.144272  -8.105685  1.647275  
-3.64737  -9.774651  0.999482  
8.861312  3.206139  1.355798  
-5.931318  -9.839429  2.25598  
-9.033218  8.189982  26.138874  
13.105341  2.8744  59.295847  
-9.043718  -4.692369  1.057653  
-0.324523  -13.922078  0.493655  
13.934834  -2.87045  1.430012  
-14.304593  -13.238094  1.794354  
9.870533  9.272686  0.250331  
-8.096516  -5.623755  1.707212  
-10.009164  -10.090134  21.689305  
6.24607  -9.431006  0.39111  
1.451723  -0.457312  0.829346  
13.770922  -0.586564  0.484928  
-14.902376  -5.651027  2.253351  
-14.932659  -2.836892  2.062405  
-6.152399  -4.332566  0.339131  
1.852746  -8.046966  1.545599  
-7.933054  7.608656  57.044471  
7.225426  4.194389  0.205954  
9.365617  2.243586  2.215379  
6.193892  2.472561  35.526911  
-3.331483  -5.130529  1.421439  
2.352055  -5.355564  28.661133  
-0.788903  -13.755617  2.173237  
-12.890193  -12.948994  1.326422  
3.810749  2.586393  16.133964  
-2.059779  -4.0171  1.446549  
8.653368  -1.477487  42.512592  
12.395087  2.826761  58.983265  
11.742127  11.975317  0.327752  
0.169337  -4.467694  35.698363  
2.653093  8.915364  0.270344  
6.493188  10.13211  1.539689  
0.607202  -12.309141  58.324436  
-11.22079  -4.388168  2.030541  
2.381344  7.504753  0.793133  
-1.555698  -6.959982  1.124653  
3.534289  2.848414  1.919613  
-2.239827  7.64107  47.626668  
-3.915202  -9.257476  55.934063  
0.248125  -1.087416  1.28443  
-7.110543  -8.610621  1.123099  
-6.127033  5.610265  0.230246  
3.004413  -7.609493  1.948689  
1.324683  8.466856  1.711829  
0.204005  3.448815  4.482113  
11.577595  -0.671597  9.172547  
9.211238  14.634978  1.467978  
12.211334  12.552594  1.031991  
0.807204  -2.218562  0.271963  
1.922686  1.688372  1.656227  
11.515418  6.093529  35.536231  
-0.200057  2.440565  0.961472  
-3.774688  -4.286144  11.30842  
3.529653  10.193768  2.176612  
2.064295  -5.73956  0.805906  
-8.811732  -12.89597  1.132132  
-11.867343  8.066725  1.398423  
-9.300041  5.476214  0.214882  
-4.58537  -9.964732  0.588285  
-2.698695  -5.072381  8.348888  
-9.502096  -8.86669  0.276153  
-0.105667  -5.429543  49.730597  
1.867236  -4.175731  2.101048  
-1.815151  4.351715  2.149463  
0.483517  3.305069  1.011396  
-10.734074  -1.696316  2.01685  
-14.556192  -8.853263  1.600694  
14.745912  4.467604  0.516606  
-5.728886  13.442208  1.290063  
-10.091651  8.206896  0.75468  
-11.31526  8.069844  0.631212  
-4.376107  10.370894  22.310812  
12.636479  12.788496  0.227321  
0.18513  4.904917  5.967538  
-5.675064  11.658319  0.346329  
6.066096  4.610242  0.725035  
-8.032533  -7.870787  1.35599  
-14.64632  -4.177824  1.809872  
-2.639766  -0.779502  0.523929  
8.71439  12.859964  0.561462  
12.621187  -9.205293  2.132841  
8.956437  -12.851428  51.523216  
9.31422  -8.143629  0.337769  
-6.845253  10.409626  2.253314  
8.605438  0.491396  1.732807  
-8.716049  -0.094242  1.118742  
13.437884  10.037329  0.477603  
-4.95285  10.919779  59.082789  
11.932672  -1.43703  1.823105  
-7.88137  12.551491  1.241742  
-14.275827  -10.45498  1.637576  
-0.930125  6.094772  0.241074  
-7.671833  -8.055295  0.731961  
5.660902  -8.713231  42.2783  
-7.85848  0.548674  49.212353  
-13.622006  -11.342774  1.142876  
-14.44863  -0.275172  1.355946  
-5.946097  10.080864  1.330087  
-7.234015  -10.235307  0.820609  
0.538684  -7.577154  42.364608  
11.281399  -12.58385  1.718666  
-3.493937  14.105944  1.019839  
9.852724  4.806544  1.927132  
10.134453  -7.22397  0.987123  
11.55063  -1.240963  0.70395  
-13.834487  -1.685966  1.288346  
4.684166  -10.799498  1.763731  
-6.858095  -4.228648  57.676351  
-0.939937  -2.828318  2.151217  
2.907785  4.913836  0.45371  
-5.952217  14.251976  1.788079  
11.34514  3.183506  2.012247  
-4.911813  -0.155393  1.858153  
-0.657785  -1.846149  0.949603  
13.544255  -1.436077  1.937369  
-2.610689  4.31738  0.930218  
-14.857266  4.326049  1.670851  
8.989304  13.121924  9.861598  
12.834407  -7.967398  0.460777  
-9.86392  -5.043826  0.856952  
0.209209  1.184271  51.02115  
-3.369159  13.787676  0.788677  
3.519387  1.033186  0.372773  
-8.186074  5.578088  1.005732  
-0.21574  -2.475712  2.058796  
10.772692  9.460183  1.485206  
3.414932  11.100973  2.07307  
13.421553  14.561882  0.734196  
-6.157828  -8.446013  7.099697  
-8.132383  10.089373  0.567771  
-5.256259  -13.546102  0.334589  
-11.895533  9.175895  1.011176  
-7.110646  -11.447479  1.617323  
13.639704  3.881579  1.973033  
13.034859  3.05339  0.451596  
-8.728495  11.345138  0.56748  
12.989122  -12.646017  0.473602  
0.638241  -12.362067  0.911529  
-14.655454  -11.749469  51.670978  
11.077165  -4.584066  1.331412  
5.786201  0.371152  1.675882  
-3.460718  13.739469  0.544518  
1.463934  12.565818  49.688361  
2.297177  9.38471  42.897036  
-8.134258  -7.061084  2.046776  
-8.5986  -3.184724  1.587421  
-4.131345  -3.80204  1.524445  
1.2211  11.452278  1.350706  
6.689939  -0.108122  0.978239  
-10.105104  4.267598  16.616087  
4.452168  12.37073  0.805902  
-13.417888  3.24174  0.414013  
-13.247558  -7.521865  19.832037  
-7.661376  -4.180668  8.664694  
11.299238  5.874043  1.985036  
8.648103  2.544288  1.651031  
7.541185  5.237232  2.132333  
-6.534562  -12.701698  0.415309  
9.295961  -7.816019  8.008177  
10.373552  1.25279  2.198901  
-12.889166  -5.803291  0.283352  
-10.236276  11.274001  0.546419  
4.6637  3.375161  1.784711  
0.933362  -4.47853  0.426227  
1.496338  8.745037  1.138756  
13.311863  2.85752  2.023114  
-10.449112  -4.999553  0.543287  
-4.2539  5.035871  0.25876  
8.814606  10.694079  1.450585  
11.354347  -10.496415  1.735859  
0.273933  13.431932  1.826911  
-7.636246  2.843914  1.521875  
4.512933  -14.632272  1.544204  
3.379558  8.517224  29.630195  
-3.012013  -13.026642  1.843232  
-6.621981  -13.009442  26.948657  
7.847437  -0.899917  2.019748  
-2.839475  -8.374577  1.662028  
-13.677845  -1.673691  2.011763  
-7.404789  -9.758252  0.252733  
13.491252  0.186532  1.91282  
6.689775  2.538116  1.927155  
12.22822  -3.063616  1.453367  
-7.629102  2.649003  1.605313  
-12.380795  -5.928891  21.108675  
10.357023  -4.908364  1.817843  
-2.507492  0.068933  1.450401  
0.259604  -11.999195  1.646239  
8.988894  -13.640957  0.553579  
8.508043  -1.317518  0.220315  
6.738326  -4.038692  1.40271  
-14.621751  11.865845  2.03153  
14.199003  -0.975688  1.314959  
11.786761  4.089758  1.590638  
-9.117048  2.837449  51.414685  
0.171629  -0.291168  1.923528  
-11.57088  7.487275  1.241576  
3.482761  -9.183118  35.125009  
14.876895  6.739486  2.241499  
10.838349  14.14239  0.213954  
5.407101  12.200019  1.436315  
-9.358203  10.64427  19.623684  
-8.830147  -9.794753  2.207896  
0.898775  5.441573  1.296851  
0.147474  3.199903  0.753215  
-1.986463  -2.393036  1.897212  
-9.528993  11.758202  4.24803  
-1.509333  11.342591  2.024922  
1.330537  -4.23101  1.961893  
-3.183893  14.257594  2.195536  
1.628419  -14.675445  2.048016  
12.402138  0.450599  50.26308  
-8.218049  12.543134  2.172353  
0.055025  -10.542328  1.408248  
-7.374307  -9.594714  1.331622  
4.460286  4.607776  0.765276  
-5.238756  13.026591  0.210841  
-6.632999  -1.006059  1.553661  
3.900287  14.721611  2.031038  
2.420425  2.961422  0.44373  
9.570627  4.161199  0.271142  
13.093487  1.169208  37.521365  
-8.444681  8.466147  1.919898  
10.42627  4.277638  53.698589  
-5.791156  -14.583815  0.4887  
-5.36423  7.301476  0.276751  
14.073198  -5.014337  1.495422  
12.84866  1.939234  0.887856  
-1.062795  -3.359171  56.692738  
-8.984912  0.848058  0.824379  
-3.619963  -10.173519  0.801799  
-3.550544  -1.689005  0.204399  
14.553983  -10.349307  0.375494  
-10.497416  13.169166  1.793631  
-4.112172  8.534913  0.54147  
-0.184634  -2.216767  1.398063  
-5.998119  0.855254  2.002618  
-1.188537  -9.151296  1.416656  
-12.669763  -2.997926  54.34527  
2.537556  -7.244523  0.265944  
-5.463173  -2.159236  2.16358  
4.61667  4.551217  1.736355  
6.958108  8.465874  0.983039  
6.458916  6.741815  30.531841  
-13.028531  9.686628  0.610537  
-8.304475  -6.06509  31.379513  
7.505734  9.653483  1.53333  
12.51843  2.376338  1.032286  
14.883623  1.261013  19.445867  
11.677032  14.430085  1.84093  
-10.606606  0.639639  1.396864  
5.888472  -13.108378  0.804258  
0.615321  0.932408  1.796498  
-6.028075  -14.475462  34.144663  
-5.432791  1.311292  0.243893  
8.553083  6.178834  0.765722  
7.817609  -6.063063  0.240894  
8.182462  7.128489  1.315048  
12.825508  0.942141  0.615851  
-6.700585  -14.614695  1.650236  
0.385953  -1.227473  2.071063  
-10.012608  -13.324268  0.525048  
9.579845  -6.154604  0.858981  
-2.288345  11.903866  0.82908  
-13.691833  -13.622227  2.113076  
-8.988683  -1.284281  0.910279  
1.02808  3.908485  40.923718  
1.103824  -1.095056  1.637184  
-0.379532  9.20001  2.057329  
7.396193  -11.520232  0.225694  
8.120928  7.618327  0.69375  
-9.756947  6.660697  1.115036  
-6.369185  -14.257526  2.086649  
11.267192  4.190635  1.140622  
-3.257091  -1.957309  2.025082  
9.446766  -8.623301  1.137541  
-0.283025  3.089926  17.65246  
-3.625652  -4.374406  2.03092  
-2.523761  -2.691607  1.702726  
-7.348529  -8.797524  0.516543  
-11.853732  -4.836782  1.981286  
7.741376  -6.302495  2.009591  
4.191083  1.933254  0.254964  
3.719243  -0.703852  1.652801  
-5.76145  -10.909568  1.483682  
-3.07001  -6.360899  1.209028  
2.006137  -5.39899  32.814464  
-13.335125  2.213153  2.066532  
-14.754531  -2.895154  1.725372  
12.784881  -11.340723  0.850698  
4.625216  -13.538109  1.317055  
-11.439864  2.350718  24.71446  
2.411649  3.094817  1.806124  
-4.940524  -10.619843  6.748173  
8.33849  -0.605803  1.903417  
9.992515  -11.651335  49.312153  
10.755896  8.293285  1.973039  
12.85884  13.386606  0.684467  
-1.59226  4.167894  1.401151  
-8.043422  -3.318774  0.481846  
13.403273  8.846695  1.475287  
-12.748514  -0.984021  0.39829  
1.547501  4.171887  1.274794  
11.936238  0.129883  1.176626  
14.746332  6.585942  1.757324  
2.360231  -13.691453  0.542114  
-10.001537  14.405099  50.070758  
-2.036878  13.579598  0.787373  
4.862244  -14.284339  1.735179  
-9.810234  -0.896765  1.390649  
-7.945553  -6.136199  0.570285  
-7.317622  -5.905235  5.922022  
2.950886  -6.440782  0.219376  
-4.472209  3.588677  53.287719  
-14.201949  5.35728  43.560531  
-14.457612  -12.264414  0.900401  
12.313411  8.879787  35.852752  
9.628285  8.554478  0.691503  
11.117158  -10.649732  2.178344  
-6.025165  2.101923  1.887562  
-12.776532  -2.919555  37.272368  
-0.948774  -5.029014  0.229154  
2.167116  12.517072  1.954441  
4.384663  6.1171  42.890011  
0.928554  1.676458  1.987687  
1.678425  -9.230304  37.178208  
9.953075  -2.794602  0.504915  
13.619071  2.972233  0.432961  
-0.389634  8.442481  2.192102  
3.925052  -5.511765  1.113893  
-4.711148  14.169679  34.007452  
-14.17693  -7.606812  1.190338  
2.55149  6.710743  2.005502  
-8.345088  -4.430426  0.796109  
-3.044253  -8.369472  1.806609  
11.47705  2.619072  0.620674  
5.065986  9.115608  20.46922  
6.957405  0.266883  1.442578  
13.870488  0.317955  0.807966  
-6.758806  3.914749  1.894275  
4.016131  8.001134  1.278212  
-11.066952  7.843828  1.062118  
3.737549  7.02827  0.779143  
-7.180422  -10.003925  0.889109  
1.555179  -0.116951  0.807684  
-0.341576  -0.104744  0.626741  
11.493757  -1.181161  1.075333  
12.696551  -10.773418  0.98317  
-11.658197  0.752561  0.578676  
10.704544  0.651346  2.085417  
-6.117963  14.195623  1.138221  
-5.778256  14.670891  43.118483  
-11.885862  -14.346649  0.410178  
-4.573044  6.242188  1.077798  
-3.296348  14.273501  59.650026  
13.580177  1.56293  53.573048  
13.32861  -2.534654  6.638583  
-3.640103  4.915469  1.475531  
-3.377862  1.841224  1.754492  
-13.493846  -8.435434  1.69864  
14.423094  -13.4074  6.431842  
11.613584  -3.760954  0.358138  
-8.897937  -12.769982  0.395059  
11.889359  -14.025422  0.753601  
4.371696  11.84057  1.754271  
4.737976  -9.900462  1.628533  
-10.842738  10.682709  1.747631  
-3.864438  14.753657  37.704598  
11.056051  -2.029133  0.764913  
0.592032  10.95435  2.203498  
-5.336707  -2.157461  21.742152  
-7.702013  -2.874663  1.172037  
-9.828035  -5.669323  0.577494  
7.934135  -6.965465  2.090168  
-4.581735  -8.067906  0.705974  
8.661656  -9.504636  1.45156  
-13.747819  10.613724  4.014507  
7.152014  -6.711755  1.826828  
-3.864326  0.217207  14.168557  
9.344725  -1.648031  0.419918  
-10.106385  -0.310013  1.129294  
-3.309407  -1.907917  2.042158  
-9.392941  -9.907135  0.328468  
2.241471  3.261487  17.656992  
-7.6876  11.052827  1.518304  
1.770838  8.756322  2.792664  
1.96184  -2.218799  56.808295  
-12.93578  8.531877  1.66574  
-3.891303  -5.815118  1.006681  
0.016918  -12.455129  59.404585  
12.999308  -0.625242  2.936492  
-13.002352  9.665869  1.264839  
13.910697  7.861009  0.766869  
14.705113  -13.745532  0.550765  
-14.884207  6.432211  2.023626  
-3.564257  -8.600394  1.148421  
12.32128  -0.525608  0.786304  
-1.756039  -8.009952  1.9914  
11.186826  7.789661  1.833663  
-7.396369  -6.146636  0.397098  
-2.956687  -2.661969  1.090975  
-7.503059  -4.869814  1.987339  
9.306369  -0.020193  31.493543  
8.691094  -4.300222  1.528836  
-7.661741  -2.224047  1.837824  
0.363546  3.387014  12.350126  
11.583759  4.081939  0.619262  
-11.607836  -12.102291  0.217301  
-5.542838  10.515894  2.235437  
-1.07062  -14.708725  1.481641  
-8.033009  13.950501  2.226742  
4.897226  9.850216  0.440133  
-14.091015  -7.733111  2.155678  
10.572106  -13.056133  1.454149  
-12.655842  -4.525984  1.241838  
11.394438  -6.298544  0.739289  
7.532428  13.466875  1.518952  
-13.511494  3.886775  2.085778  
4.264509  -1.095132  56.381136  
-5.850703  -9.487287  1.324057  
-12.590578  6.380967  6.551385  
-12.696822  -14.865488  1.95037  
12.171558  3.013809  1.453  
-2.433268  -1.585009  0.457911  
-1.411833  -5.140123  0.997709  
-5.182547  11.397671  23.061503  
-10.521816  -4.07157  33.839579  
-8.638215  -3.126435  19.471239  
6.811322  14.082014  1.448512  
-2.803064  5.928134  1.73844  
-2.560931  -4.642311  1.235613  
-6.575291  -5.601871  1.216642  
1.819328  -1.369731  1.366217  
7.197816  13.807295  38.135289  
-6.053912  12.111279  1.697769  
-8.418078  -11.661647  1.12891  
11.118708  -0.160925  0.692593  
-7.319674  -3.073945  2.018851  
-8.875431  5.312605  11.404544  
13.776056  -9.515154  2.144143  
-2.901971  -8.146944  1.440236  
-9.120835  0.402105  0.608204  
7.83436  3.833914  0.420124  
1.061615  3.431063  1.282283  
0.567365  -1.583756  1.941332  
5.934774  -4.593487  0.767375  
2.684317  11.09706  0.760132  
-3.386126  8.526995  0.595591  
8.161777  0.920081  0.376965  
-11.98981  -4.425105  1.044271  
-4.362596  -4.340673  1.562537  
12.252598  2.187878  42.097956  
-8.911683  -9.990583  0.885013  
10.102536  -7.045387  0.773284  
10.205742  0.910883  1.641987  
-2.989035  6.098726  40.215806  
14.644949  5.971393  1.981188  
13.289371  10.523208  2.254047  
-3.102401  -13.943359  35.427014  
-13.26392  5.976837  1.476858  
1.510642  -9.345711  24.127295  
2.235039  -2.51245  0.225535  
11.451188  14.873838  1.31692  
-2.8362  -7.224371  0.547737  
2.380506  -6.432713  1.312119  
-4.300463  -9.703412  2.12321  
-7.505719  -11.04826  0.708498  
-10.313013  -11.362351  9.133215  
12.396648  7.444999  43.598258  
4.915536  8.486368  0.867362  
-5.81217  -6.959275  0.520419  
8.603222  10.123672  2.057779  
12.335851  14.94607  0.831131  
-12.493155  -4.89211  0.243922  
12.467269  -10.027752  21.451392  
-3.762261  14.761043  0.442769  
-5.864504  -9.618138  0.233479  
-10.745986  -12.655617  1.998582  
3.030421  -5.718225  1.727144  
-14.009273  -7.089899  29.702727  
4.845351  4.431284  1.786766  
9.322283  12.653612  1.663706  
11.601171  11.780669  46.274698  
2.781443  -7.219513  16.851467  
-0.674326  -12.144521  0.89712  
-2.195474  2.000754  1.457998  
-10.825995  0.582981  1.785592  
8.429729  -1.974963  1.067148  
1.061987  -6.092253  0.80225  
-11.942046  12.175309  58.414225  
-7.67292  8.336208  0.97599  
-6.657172  3.077754  36.414033  
5.673088  5.77948  38.620545  
-5.078435  -10.872757  1.484408  
4.306969  7.830476  0.373342  
9.33669  -7.013609  2.163007  
-14.365247  -14.507387  2.237562  
-13.211824  -9.658865  1.968474  
7.430704  5.353571  2.010599  
2.180379  -6.236163  1.134853  
2.071818  1.809561  2.080427  
-7.195746  -1.928263  1.483682  
5.24972  4.643231  0.204347  
12.601913  -10.399534  1.545507  
12.870971  14.834465  23.836111  
1.168949  -3.504533  2.016034  
-1.552461  -10.142282  0.59228  
8.266529  11.005227  0.679021  
-6.97253  10.500152  0.551702  
9.70494  -12.149557  0.676729  
2.776998  -2.040519  1.291122  
-10.09218  -1.766644  0.276788  
-11.764813  2.210309  44.069133  
13.500037  -12.550477  0.452006  
11.396852  12.549699  0.29395  
-0.867391  2.771231  2.077608  
10.554193  1.59833  1.426344  
-10.608664  3.291192  0.831185  
-12.311472  -9.149562  1.314888  
4.029892  -3.282197  1.30185  
-9.984011  3.375999  4.443606  
-11.10633  9.686259  1.422078  
4.420177  8.046863  1.493222  
14.589968  9.422898  2.014103  
-7.903436  7.286552  0.64226  
-4.706722  -5.498926  1.427491  
-3.026325  12.82658  0.364661  
-12.22704  -9.105619  40.30191  
-10.6517  -3.029171  57.335736  
5.785745  2.744614  1.614992  
-11.37568  14.380356  0.639916  
-11.623457  13.613897  2.214611  
4.196727  1.620189  2.029264  
1.133224  0.105753  0.453311  
-11.929836  6.580686  0.583382  
14.440019  12.057096  2.215627  
7.247087  -3.425864  23.374056  
-13.00167  11.96391  39.199928  
-13.985316  -6.512456  1.855459  
1.116177  2.004084  55.957157  
-9.625386  -12.512553  0.457837  
-3.513262  6.573916  0.597976  
-4.737891  -1.450416  1.608726  
0.838201  -10.1077  1.577561  
1.407574  -4.688834  1.75459  
-5.047381  -0.658163  1.541389  
5.036153  -4.695477  1.912872  
8.449921  -11.770403  20.780408  
0.834175  -13.399565  25.673051  
-11.625647  8.801259  1.296084  
10.314753  -14.489087  1.977467  
3.664876  -14.056649  1.063068  
-8.389247  3.107893  1.399127  
1.75392  3.307779  1.228979  
-4.016381  3.731734  0.260675  
-14.394692  -3.03865  54.797041  
-10.288896  -2.145601  1.396709  
2.560071  8.890534  1.482304  
7.867412  13.911449  0.976287  
-4.393936  -8.867507  2.008914  
8.366972  11.33007  43.021675  
1.795647  4.240867  2.255412  
-4.311534  13.610175  20.30337  
12.396653  8.847103  37.367974  
-10.807469  7.424767  0.739277  
10.970079  -8.309475  1.246044  
-6.887382  -1.256825  1.914304  
2.545934  12.571589  0.887828  
12.878228  -14.812999  1.950249  
-12.030466  14.036167  1.293729  
11.547282  -10.296038  0.787906  
-4.408831  -11.701815  0.701132  
-14.497137  -7.478699  1.306836  
9.257835  6.846199  0.521345  
-0.401722  -8.045625  59.350739  
-14.806672  0.591674  1.074569  
5.857671  -4.281024  1.151299  
13.279119  -14.845704  1.082691  
-3.475734  2.155862  1.512436  
-9.063689  8.682486  1.871917  
7.926182  -6.122505  0.618295  
9.701438  -0.857256  1.682788  
11.621688  1.84837  30.13261  
-1.344981  -5.859114  1.741884  
-4.215563  10.856293  2.249551  
-8.71516  9.613717  41.976745  
-14.596418  9.127712  1.126297  
11.652961  -4.83808  17.852691  
-13.315468  7.24975  0.572888  
-1.985862  3.698295  1.473357  
7.859111  13.566842  29.591906  
-7.459869  -10.51246  0.929984  
-2.586574  1.452215  1.196167  
6.210117  0.724044  51.527159  
-6.462837  -2.350537  1.187683  
-12.304858  -7.720648  50.780786  
12.50033  3.67538  0.41251  
-8.810184  0.064576  0.437307  
7.520253  2.053279  2.209769  
-10.702986  3.484536  0.762853  
13.595846  -3.424979  41.359621  
13.078796  6.423052  2.003106  
13.369958  -7.281482  1.567414  
-8.732461  2.380235  0.62272  
-10.621497  -13.813215  0.599016  
-1.802054  9.807734  0.869113  
-12.24293  0.578977  0.530086  
-1.547994  -4.909143  1.631958  
5.098021  13.797156  1.744292  
-14.894547  4.984247  0.443474  
0.230688  12.282025  0.519349  
-1.226909  13.199489  1.621695  
6.743408  -8.709745  2.008665  
2.720208  4.749197  0.956468  
10.317253  5.911631  0.9697  
3.930884  14.217888  30.116491  
-12.035202  9.12121  0.261961  
-4.073308  -1.956272  0.457682  
3.442432  13.573556  1.587556  
0.801627  -11.002186  0.981729  
5.959849  13.333303  0.358319  
-11.809582  12.118225  49.791539  
-1.710212  11.400389  0.447545  
-2.299001  9.58431  1.523963  
-9.504834  14.697636  0.530728  
9.553786  -12.952927  48.466083  
2.879461  -10.911545  6.801043  
11.660646  -8.619997  1.674308  
10.290993  -9.369639  1.937575  
-9.900289  12.972759  1.826782  
-12.3851  -0.053298  0.602122  
-1.307499  -5.961452  49.123424  
4.362528  12.439272  0.538559  
-13.86379  1.568057  1.729407  
-8.958587  -2.586898  1.826008  
8.697255  1.331693  0.241599  
9.920086  11.828063  1.561122  
1.064972  0.898616  1.022878  
-5.986709  6.67165  36.606956  
4.952853  5.83135  2.091542  
11.119052  13.559678  0.61358  
10.148691  3.80672  59.861097  
-5.662311  -4.187978  57.676935  
-2.4885  -14.237608  2.059784  
14.575821  -7.323104  0.555928  
-4.498622  10.123131  0.597871  
3.362222  9.935662  0.804959  
-10.493807  7.891993  1.215968  
4.851766  7.122741  0.844399  
-10.559545  11.978535  1.005427  
9.876892  14.299737  0.464509  
7.354202  8.218764  2.093353  
14.707491  10.278736  2.040268  
14.943843  -10.814144  0.476866  
10.662011  14.232889  0.269716  
-13.084606  -4.446655  1.786401  
14.447469  -13.920374  1.949573  
-3.658564  -6.862288  2.112382  
-3.16869  14.480394  0.350659  
6.759022  -1.81639  54.412064  
10.763052  9.57367  1.974371  
0.604918  -0.582353  0.213377  
9.886856  3.32368  1.640543  
-3.957608  -4.793977  0.91507  
-6.903239  12.952676  0.526654  
7.125347  -0.924454  0.355847  
8.97038  -8.702463  0.320089  
5.081331  10.164168  1.145047  
0.717893  12.203265  0.355873  
7.757243  -0.370552  7.224468  
-7.848429  -12.256013  41.07263  
-10.700875  7.932883  0.982493  
-4.328396  4.12503  1.353185  
12.009175  9.42456  2.207088  
6.905118  -7.925202  0.991905  
4.585919  8.611109  25.306542  
6.758857  -13.226028  0.212386  
3.162479  -4.219494  0.41594  
-7.328588  4.506581  44.736919  
14.076179  -8.555747  1.303107  
7.273941  -11.482767  0.445269  
-13.3344  9.704816  1.106082  
-0.919287  -5.763191  29.681729  
9.811302  -12.656762  1.641978  
-13.614349  -13.706154  2.074034  
-13.219751  7.48286  0.87664  
-14.916783  9.762496  1.261301  
-3.53393  12.297979  1.775151  
4.695888  8.357885  1.930315  
-6.919667  1.546647  0.915423  
-10.023985  -11.045073  9.556802  
-10.138438  -7.211126  1.546973  
-2.315513  8.016922  0.423052  
10.3793  5.800483  2.207908  
1.546189  4.65198  0.402818  
-2.80235  10.154572  0.953519  
0.174319  -8.517904  1.209121  
-14.348635  11.024828  0.878975  
-10.981789  -10.603453  2.053418  
4.121869  2.369116  1.128167  
-11.490088  -8.853329  1.410282  
8.790807  1.227543  53.225238  
-8.008634  -6.441191  0.937749  
-7.437023  6.796159  1.516467  
9.671917  7.579138  54.593533  
12.805963  -2.882838  1.680482  
-13.41488  3.259149  0.218559  
8.789202  -13.361382  7.819667  
11.237822  5.261382  1.087766  
-14.887984  -2.204958  0.475077  
-9.98443  5.142677  1.794901  
12.543637  -0.85726  1.598446  
8.200408  11.829923  27.573076  
14.288182  7.485515  1.336658  
-6.863018  -0.109283  1.365287  
-7.178081  7.03569  0.983022  
4.362656  -10.285252  1.80586  
-12.447731  -6.773608  1.174411  
