Customers 200
Coordinate X	Coordinate Y		Demand
10.887372169348183 3.9949353094179605 1.1991219933302644
-15.430713730842784 -5.791497489956022 0.41975072495960614
-22.791272231956953 9.031311661934504 1.9534365419401032
-17.31429051212967 0.058574529728110156 1.9688438998405133
23.36835634923176 -21.592036606702568 1.0902705077831296
21.651793040885885 18.584246607069357 1.2411655253476161
-7.472422020468219 -8.209386129671653 1.4944320040819066
-16.090609883284973 0.7716547037447793 1.3277124520244485
12.064686296023293 -13.015443436483823 1.0987643134607774
-18.63736462955864 -20.96298301540794 1.8419843500285515
-21.262661576816814 -10.730284025645213 1.6406962421503108
-20.233813343781243 9.480331876086456 1.5500958890578609
12.790087516647878 16.88568550876151 0.9782613369882307
6.287511033385729 -15.363814704402786 1.3760935170652013
-10.03504685701333 18.168306935057526 12.369606594478407
-3.297561452693129 -7.91961944285309 1.5971210483202278
-9.97228245275834 14.788174230670252 0.43146437681647326
-7.715851239343278 23.388663631583896 1.9055305699486502
-11.970708709106441 9.967348254620887 2.2351281520999104
8.386578932002745 22.62834122377186 1.6662646205147456
23.410837391158655 5.105780373643548 1.1628716787801705
19.24065342165649 20.345314057049983 1.1329054656100146
18.07759996229112 -2.484170894896105 1.2096645653242675
-15.531682893529348 14.518498007134957 0.7081178355620367
19.88706454709469 -11.125730440973795 1.1193701962601192
-0.26960927091180925 -3.771498984416145 1.3324052638924397
18.536268873511567 -2.2090206173195446 2.247670164743569
-9.930142346186019 -1.226044165085335 1.6813888971812954
-10.40692999877584 -14.597077786693 1.10491112555938
18.113160314331424 12.758694736921251 0.07945686257901217
13.72083270831658 1.2146596082364165 0.6791760872578009
22.187114026852495 7.98557450975721 2.169824439449638
-7.746178873949127 -0.5689926495254842 2.014378885468758
-15.906449517136096 -22.899388959286487 0.4095028289438134
-10.959396132448827 -4.894558440855448 0.30627867402643194
-6.616397592180956 -23.718525671720762 1.0868636335830384
19.648113579301526 -13.790286259695536 2.2428323449877237
-23.274413623748146 5.493524299559526 1.9007445797266294
4.021588643235668 -2.873774972036395 0.4878881262533541
-16.522160054024297 17.429515758625246 0.9067074278590834
-16.8784802430935 -16.509344774869145 0.19555177926069728
-0.5648116967386756 18.35695679874899 10.961276130268818
-12.07597411793408 -21.973403896192394 0.17996667128368546
10.879270466477749 -5.234439988808468 0.5679454222371083
23.40819056262023 0.03822910595169931 0.4012879926128704
-9.033949328133481 -8.85881586699927 1.1233079688631016
14.57981482881428 -12.498010649718799 39.54171698386001
23.63737311829125 0.3382171930094241 20.497849292659268
8.173995170594587 22.768233713048296 0.4784362056464849
19.828454687543243 16.016954122181037 0.10191217780079669
18.422961142541816 -23.773684896750577 1.3557397925172456
-10.496862226074196 -18.961585364137775 2.0333000570398325
-20.487324456542545 21.811938326506283 1.402891401477444
10.466695177563853 5.42329816685286 1.592441307111449
-10.26007639636341 14.122673542904744 1.8496404673417233
12.582442648788003 -15.736464314207309 1.1363143019513908
-17.715390409282396 -22.354229877048212 1.1401163308258733
-9.108318818422699 -21.06031596343382 0.0559339451359391
-2.644480431023255 11.686251007937294 2.1199073724556516
17.918282269514147 -14.91073557819305 1.1664204166983843
21.64316059359998 2.7070905944579775 48.49358629952088
16.873113545922084 -7.983740340886399 0.7273832374874887
14.614265506576238 -17.61373475769921 0.1561898880109254
-6.25158809353885 -4.986253552687693 1.9565580278850978
-19.232526888091257 2.272395468562228 2.0977176360019714
-10.047323715775775 20.38427042876591 1.1719933849251094
7.320155558922613 1.2413700063504034 1.5824522533947147
-5.186871889360736 -6.388934317188886 0.1939750096978866
5.745083646395594 9.185440503289476 0.7786622109417685
21.06256638059381 17.408093270935563 0.9478851711694468
18.093146552603404 -19.730687062826735 1.0355848337898448
-20.866337162928314 -3.083924207537134 1.55907041307015
-18.38476782818765 9.567472222151919 0.73518584688893
12.040553042509606 23.67808926185 1.403143133371768
-18.399426013584474 9.155808456693872 0.2810522228701506
-14.795448485702517 -3.0011316686647818 1.3769891714171323
6.645504108871799 7.85450452415487 1.4514032026822563
-24.12834388426491 15.022183652025953 2.19024836552506
19.008457918808244 -18.285856071027755 18.984027572776114
-2.18434098310158 -10.009725192909654 38.89033140776093
6.049489569728748 17.339575197749163 0.59410521188345
9.349236826653836 -4.120452677515006 0.13604523148862802
-19.49544577753434 -19.31471625699177 58.431683196360915
9.447220303601908 20.1379568291663 1.7243077822613095
5.9755337618021045 0.3601369429836304 1.2047240623137998
-9.42401734939352 -24.066030758065747 0.9016680959488941
-1.8751878589412792 -3.390970477530078 0.1596422615999078
11.696132483512352 22.631631035945816 1.6491377942852663
-18.540611018285837 23.672340383843018 1.2489620531245729
-8.948642542561945 -1.0119503627445205 1.6654995953126932
-3.030347822893142 18.793109627734204 0.4142477726392119
-10.84601629378279 20.42109980700229 2.006246502546004
-21.594604390727554 -22.772100497452815 0.2070323047572685
-21.9239500444754 6.816759128929474 2.005860740408182
23.60237387917331 -8.5631516179844 0.3503528256585527
-11.842699325650369 23.242786825392926 35.94506785203876
2.652840374971731 -9.058959569158358 54.767330880439786
-9.658711867557042 -3.3365792619326022 0.9168911715240943
15.640584679602936 -2.9881903741628864 1.0205141951123051
-5.131752056003934 -9.042837258374062 0.787453124112559
-10.050428458700209 -19.66484302015355 1.267570660525993
-9.922271458925017 13.71506289440724 0.7978005683813109
2.287197912160883 15.11509352069378 1.2019969350410558
-15.21182134676784 -18.102131506653283 0.37024189317330164
-22.466336556197817 -13.259803278775259 0.5614255294585222
-4.732084245167368 2.697310279887313 0.7323687966633692
-12.543946680920628 5.140250558789593 0.5058315304918662
23.003247829996017 -20.710832712167655 0.29513158819975926
18.660102981980593 -15.66802561777682 0.77996351129168
-15.021038295652712 -22.748153607382207 0.9433312251653809
22.435499543677007 -1.0562711780328005 1.193275517973665
4.779355689224143 -0.7642578460338344 0.6889337903161487
9.053606908815803 -1.08096478328159 1.2692765197897826
-11.801846255585668 0.1530939464292741 0.7830028422373085
9.426927745580302 -13.754582992154777 1.7557428315084227
-22.027332965570753 21.621778559856644 1.737352982858672
-19.48874468533832 -16.746637907028596 1.8562623500103617
-5.930893081001113 -1.4957322897478327 0.9336032297006203
-15.696809920751084 3.146002863446859 42.4676702499
9.228824245704931 9.46110900277207 1.929547544182344
16.74933950692785 4.088621046462436 0.37248409163353213
-2.649479360100129 17.416804463640318 0.31792087781141437
-14.599007251851978 13.378425227737646 44.27973700202255
4.353579969336298 -7.441755176981979 64.32162033686697
8.7558653647006 -7.359020097939293 0.1506375798971929
10.116440282908007 18.9872468309911 0.5170628208687432
15.290629030313886 -7.323858518345515 62.591656044991666
-10.201800922759487 -1.7811249738394621 67.98200400969453
-2.00633034971312 -0.08125176099393765 0.04221698314386806
15.557845355920671 23.19686351247695 64.90162067058762
23.102566160133712 -1.0032263569263347 0.6857795674212469
10.354038889147693 -2.0090734262705903 50.81594596010783
21.146957551158977 15.45458395032973 0.3908311784463847
-15.413619573747798 -12.769998764625182 51.08279152817185
-20.16863789054089 11.339682674941786 2.0711845489342893
5.158704420074271 -8.862991195464208 0.6408420229978247
11.634928142792667 1.2245989867887446 2.2630199365479213
-20.619627380098983 -21.565142581295937 0.013192522098011502
22.476766296993354 -4.1794771227886 0.7362060107613171
24.116176854506918 7.57679155482812 0.28403320172216034
23.43425532644336 20.053561047866204 2.1001296564828817
-18.229246681122092 -10.857659758334671 1.261475264787433
15.237665880415372 -18.25867119146349 1.5536336551398329
-11.894362234688163 6.15915302040571 2.076613113009964
-19.4148474846621 -0.1568505787446808 0.5321245055198717
1.6905442721925914 -3.1529691357465293 0.27958222897756513
0.3086559767775383 -21.324977708227184 1.5197904614508537
-17.274450562914165 -17.91380932980255 0.1876641430912817
-9.592120873419308 -21.47113538888911 0.7425134826929959
7.024892221498414 4.208476648835638 2.1017295667166915
17.44913402677447 0.106083316043785 1.024351401757238
-0.7342097851999987 17.94731830463407 2.1519982644980007
-10.718444861927644 -15.14000572691701 1.5921873564472278
-11.316295656768736 -13.54765994099209 1.1417906350255353
-7.610416157251706 -23.63403106362736 0.3541393005920527
16.093761640288175 12.821708323783911 1.2840180875638267
0.4137360122771422 13.665670060386834 1.671099852257151
-8.084212111190437 11.713163595446957 3.020739074430901
7.897098045102282 15.526300386477242 1.2319038204418502
10.07175565005779 -17.36502201801616 0.07287999064125152
13.85422000159984 23.186549409848755 2.171111464520035
-6.836317847746267 -20.90493246869114 0.11835792839914466
16.03393090188383 22.503261642175634 1.0138437594280052
18.706369963781416 -9.696099867199123 1.5119299508390194
-4.303583459955771 -21.387738235907094 1.9911587914731064
-15.438415436192821 12.477265842921502 0.6361650839344396
-18.64438612662733 4.082022744909639 0.9592480862863213
-12.511772149292385 19.491200838220166 1.9608058817981895
2.3261333472572727 14.245113978241468 0.4512267172744636
0.5346148664393957 -10.765685779408724 0.6960308104816134
-3.614387073355425 21.834288820416564 0.9995009840689592
5.925984647886866 9.231901468163771 1.1242564671530748
-10.664936675891543 14.225413112546475 1.7419202560097775
14.07893126005205 14.383094116404818 0.5825391085473145
7.264121504931235 10.190430979787546 39.975176865666675
-9.191609257444378 -22.989295213495577 1.7212430822759164
15.163601527460912 -12.192479504225966 1.3498927063810098
16.54477743423887 -18.635785372392192 1.1874825619424036
-5.5234169634025925 14.889868671136615 0.7436237768323443
-0.4377443050079113 13.029006966275801 0.08011425932944524
-5.432604538417837 8.038479577356007 1.8601847296339917
15.380718835136541 -18.310498935648077 0.752809648736674
5.157954134944166 6.9041038415968625 0.37316812399751076
-9.161542685395117 -23.31960712805508 1.6535129657075327
-8.34580232089517 -20.61901271934777 1.7135423377221621
22.25951687103835 -5.6548100137871895 1.9343228204909286
12.832538776495037 20.177378780285416 1.8824121387300432
22.072576193090267 -18.45815985138765 1.3282217332597213
14.46412594316427 -17.374351646512302 0.18209237746221432
7.445509474367559 -10.461670515789397 1.0966216414720948
14.972118134078416 9.680943613296996 1.3535851138149544
-9.165784089744786 3.2095644199760756 0.5696063633076424
11.157985699086218 14.22469537809879 0.29987267507209203
-10.615397447795502 -11.876637665562702 1.7082182323460025
6.269981460452502 -14.995385470124655 1.9367171677540966
6.272225819177696 -14.031350303940979 0.5179701075084898
-4.606844928778476 13.233076814384285 11.903390425918278
-6.024883717751945 4.288393677753813 1.737188743428555
-3.3880410424972305 9.102916768702705 1.1575704878112867
14.66669238176411 -10.366592196538623 1.0929059566855719
