Customers 200
Coordinate X	Coordinate Y		Demand
10.896022962037454 -12.376380059443674 1.0522963990438061
-2.89816853610948 -22.48671461129362 1.0868204492758362
18.92172763574869 9.433684241097877 2.255813348110808
16.727644168468753 1.6764007438937771 1.465375793587463
18.01870160489458 23.636917710635796 0.49784390419292174
1.931676895531806 -12.12154753338633 1.5856817485486685
-0.3933097179061389 10.800279843632579 2.0265205994292503
-10.602143017751265 -10.994370806271398 1.502852802659079
-16.483794949193083 -14.736436304444466 18.005605251223372
-9.206836837350574 -11.017849163447606 1.7005548813527553
-17.44464191128017 2.0727002037211006 2.1744340773720405
-8.145274725304422 -19.554143551238337 1.0670821446706034
-7.778278428832499 17.46021294829515 1.3888995976925265
17.075557379606355 -8.505702441794718 60.91740536216737
4.993417421871878 -22.01174115835601 0.8762157153603962
-0.08356642750591561 -16.011196523652572 1.0378288578691888
12.423416907920075 -5.543712894836414 0.7444443305229889
-16.973394128835697 -7.503087095539372 0.8846314003078838
18.611415167109172 -14.057793229845519 0.16413977721963294
-21.98188286922253 15.977933818110179 1.9549076156954857
4.13711902955251 -22.212130477995416 0.6370775471498352
-14.863720333445231 7.151866308762806 1.27884799501395
-15.269912318191246 -19.765262091349815 0.018142460854294225
9.314414186688378 -21.40020942034185 1.8818605575913279
-16.94082287449687 -20.263779663169064 2.116246528872257
17.73174007735467 15.312292400880205 0.0017206912838723864
-14.503735834059313 7.679411006467663 0.23982474258792935
-10.815399365098656 -4.527409261217702 1.0437604521932886
16.059337356994863 21.91746390484267 12.913791061108
-23.75025038920637 -7.9412327253718615 2.087076266358488
-10.993044397676917 -23.771974442715287 0.6484722739098058
16.727809499002138 22.464240009587584 0.6700754945376505
-20.767492909180415 -17.91990384012598 0.7919613661478406
-15.673282644477457 -1.979891630886227 0.36192174742573163
16.706567323655886 -3.6414900939514063 1.3905551514562342
11.698599299724014 13.168233514183632 7.824825545943201
19.97566524217714 -22.544741407238302 0.6822186956567491
6.679453155858657 15.656708251159754 0.8917561747881421
12.992609954706294 15.79735341907162 62.262028972412445
-18.847717816988894 -12.746862989692175 0.2780584163910157
9.13853678386764 5.231317192171735 2.0051762850496475
-21.075160863776823 -9.830558780242557 56.281398253227856
20.53390765049657 -21.27527490881001 1.460596780789789
-5.666199774494157 -22.45451815973099 46.28764087285976
-13.11866879376024 23.02056656348199 1.723791956242789
-4.324653438989408 2.6136645311316413 0.03815853733632718
9.516978954180974 2.518928302328945 1.5121991372560923
-13.489074183539469 -23.453123880773397 0.39035778508373326
-15.151194137074665 10.655039010123167 1.2151499210442949
1.6867263033671012 19.99463748186471 0.22504060562751507
12.60491495092504 16.816514960922 0.3979255936014089
-4.744194099524079 3.086130364223152 0.7981573568503866
21.285957583926862 -10.828763365322864 0.39316146516483524
24.084759038057307 18.969635112632265 0.8276098041650245
10.385069322041106 -0.5244299587260868 0.6619320216755644
-15.73076610617187 23.564635045955267 1.6550291433287578
3.5535541384614127 21.123972719030633 0.28328370370721123
4.204815446075915 -23.78660670489725 2.145563389336845
-22.31171430487372 12.816894068912088 1.9520164221601788
3.0926240227568917 -6.663243102104957 43.829434765365455
-3.293426754275233 23.248174685420604 1.8243402725932594
-22.6108016983538 -9.011346524521617 0.8528895904181033
18.359179052755067 16.00291959704584 20.60146834522578
-17.356965225792187 -5.914909254685971 2.207701575066303
13.229933665769986 -5.0273294189276605 1.04836022295175
-2.761749026200708 -15.30188119880004 0.3938956813209921
-15.02652772112404 8.778040594984274 0.9422180145842545
11.476848293640472 8.527521458463655 6.157500877679995
23.996151535888455 11.001629374087372 2.209499337507261
21.57668781034018 15.444706307128945 1.9521380497423002
7.771829641494028 -0.3729998557409694 1.9438688944242901
6.474906809051668 -15.759573538311974 5.25346539792358
21.46382749235899 2.1038089454018496 24.10925101173212
-22.603421149844195 -23.548062320778293 0.20009636770228392
-22.542779622972336 15.612773924436972 2.129895125752812
9.097263563198892 17.616891963857398 1.7666982355577603
14.416136879400932 -24.106046280483064 20.133932834318987
-19.363177251313978 6.053259602785508 1.7457732628718763
-14.510897191884522 -15.08717734598914 0.3318352769353805
20.90034861374036 6.175617514375836 1.3123459716286572
-21.620500047997204 -22.4583286418942 1.4365539358118076
10.734483384363378 -8.140421628370298 1.8129127597121328
7.9230592825301445 -1.0029146429900628 62.9881496654743
-18.17945229729031 0.36868794973330293 4.38433476513295
-21.016135481418228 7.669253336929906 1.2814086714712956
-18.585782444052832 -20.382980090679002 15.95023945370944
15.663730206676753 12.981465901285365 1.6833210322211418
11.92499815220562 23.740030068467917 2.108035361583338
9.601567858085904 18.139232571452663 1.66536337737965
-9.545643711233305 14.205131820975733 1.856866013863004
4.187678180765321 22.183695326485722 0.3122947405889239
23.443679987714848 13.218886624612846 0.729660888395683
1.92781035749428 9.871825501076021 0.5247558321956034
0.08468514561986418 16.279545101693586 1.203747911653876
15.156671228567777 14.816926004841868 1.3372522666450495
-17.488718790081432 0.24910871877724566 1.6749434057751036
-14.637417331702709 15.430842013566823 38.51290231274746
-13.957206170015954 8.381176580781943 1.5166045988826475
-19.05974171285243 14.643143749940192 0.2640939558923861
23.993557574699352 -22.46941952831795 0.5793188479786928
-15.18867038059527 -9.48179801359541 1.9488478144672647
0.06532839104644927 -9.552681927169294 0.7181770557639603
-4.4483562088261746 -3.675044644530588 2.151641640106714
9.015467960497347 6.596459217598352 1.6451012232426805
19.006753404496543 -23.520530403740544 66.81180424965679
-23.166989437251814 19.94830410627928 42.33000767689154
22.250288761745384 -12.702170954073974 1.1388308577185169
-2.2591528784018764 11.002548699673595 2.012954029547609
-17.909695826825363 -21.40327856028015 0.8682191228678778
-14.565923892516196 -10.293602849673528 1.8042327664945617
-20.72250109643941 -5.939611081572414 0.1719539189250673
20.012886834441623 3.4737706628916576 1.9699063688093192
11.957369896557426 18.831788105553347 0.4934780875123285
-16.12011035355877 -3.4171979332942746 10.808844889488125
-13.5364629517015 18.424530929678575 2.487926133849846
-11.238958375809057 -1.3372276733480184 28.440878040836775
17.65736083100361 0.9174803497096878 1.6140017751746012
18.138972019701725 21.604340218101814 1.5872102455951267
-23.91900314911689 -5.255772881418487 43.73055849521229
21.716097848292502 21.903382902355922 0.05438880816080307
-16.760590340885386 -8.69922566679963 42.683700592245785
20.783840535816122 7.836976398596991 1.4729230056421048
-4.346773412578311 10.225422021373852 1.0852386651440362
-11.43440976197268 -3.3025104122237954 1.5924644817714282
10.01680479000062 22.752068657048753 1.3448533210893467
5.875952542633464 22.184122543027303 59.9884534567244
19.849974925458973 11.691758905394991 0.8042667941468402
-2.4990953252150208 17.878686923030582 40.96639991754461
-23.4506428214733 -24.13584097874897 39.36256017975549
8.304412534979251 -5.833643583333186 1.4477458279180586
19.815206795905457 -11.447339071008829 1.105156980831527
10.644076193970662 20.70614490390586 0.3026230657089179
-0.7884496241177967 -2.895994599759446 29.928616915766213
-15.160097416414038 21.429108450628046 2.1004791866334203
-23.894989554210884 -19.810513563352497 0.7575604811694829
12.623729051157055 -19.523792420945295 0.4271695446426774
-20.604905972929362 -19.13249812160713 1.8695790079458872
-9.274095065932793 10.830177946246938 0.35987810347937205
4.216728981337754 -19.819797222578057 0.5264519657032094
-16.044813739593277 -9.132593192621275 0.2298945997019371
-0.42242011971007454 22.609908210541562 0.6064631124300657
-19.977099986616967 -17.184151208009936 1.2814699941341632
-10.794696908115164 2.904369222576658 1.4024245499009742
-6.953170316085911 3.7574544130454157 2.06109586568704
-0.8531686847071506 -15.740393799166577 2.004262452388017
-21.94949763818853 1.0587495133165865 2.1982627277515143
8.81530171715091 -1.2936772768916793 0.17553086843489396
-3.5499917009286124 -21.14283625477122 49.13688885019956
9.409429628175165 -17.57278996304751 2.149338804931699
22.423522619784478 -7.100792776281032 1.2727692105341588
-23.98174099656218 -20.281012269554076 0.43089367471522205
-0.863212335772453 -15.501725328486353 0.7688627018599091
6.317169518546917 -11.102007909943444 0.46837283260637996
-6.617226804307284 15.813771520061925 0.6846686059008633
21.785379203198598 -5.754103948624079 0.424700773153107
19.58188252584115 -15.966593462842086 0.4671393491060159
-15.584545789137163 15.95741187859017 0.7166327062695551
-14.795072097684113 -19.835636929407418 1.9439512562722523
0.7048985108933343 22.121905010672144 0.5182421630158536
-19.650435706449894 7.9127873636902635 55.960519851062706
-13.528133746968704 -6.636174322040825 1.8390131738874118
-12.456724078404878 11.095864952920476 2.188361909253007
-21.763578682883793 8.314047086818764 2.1694283025670096
-17.151422732021157 11.373119646559772 25.03735098568481
16.364430035421275 -11.247320130604733 0.38827801250155236
11.286880385404132 -22.96758203476398 1.4437041645641961
-14.349128039857208 10.622354258273885 0.7136889144237987
-23.491483069209547 21.242580953255263 0.3215152026497413
4.210692864879209 23.127244934682093 0.04483940860681623
7.153856464811423 -4.715590521008747 46.52849878333443
-15.877697665385787 2.8176260531842376 6.609785353599586
5.245499865207721 16.638278242745265 33.14102299650013
-7.281265118587472 -11.620751701839126 1.3954549808841514
-12.598565349345082 7.693514753893748 0.7715202506179503
13.831392839343117 -14.999562079016007 7.980311716688815
-6.809751455549196 2.2191977048206293 1.256384574600351
-10.463554556355838 -19.338522976894943 2.0815604299002484
-11.44953717682521 -4.573805327905886 1.416150037721757
21.137287743390786 -9.201300217659927 2.1087617987144034
11.144832786673575 8.452891917921729 0.9151122265411905
-7.457600276260191 11.585472161046166 1.2063783135914625
-4.174887062354901 -11.989953345880469 14.375246631296056
15.602091805027225 15.543897059280063 0.9963954071550644
-14.258815361049018 -5.2442603508628665 0.28397047610638737
19.09724392940471 -9.569752655874664 0.6879182340795149
-1.7110808393838832 -12.686183689402156 1.0883802323850438
1.64432907860424 -13.873166749527252 0.8957970844144226
-14.111092230533433 17.609176497791385 0.462694173354
18.554764332517237 1.5021775915303985 0.3317439461440473
5.69604148570754 23.732495081399332 0.8271519881363466
-1.356529831360157 -10.20569206351791 1.6734927785193292
0.2051853247808325 11.867590411562276 0.07432027337154681
-18.14525867233211 -16.53985915196668 0.7780733036981613
2.917575044549705 -17.52487635340108 1.424928554742945
-19.485609694990394 13.54176913584559 1.0947165928980935
2.052057259269942 -18.116854831544 1.3016154344994812
-17.344191983232 -6.526241630192847 1.0097571001112233
10.924040580678748 -3.4194408334424127 2.05304239408455
0.29351428236438365 -9.272785383769381 0.4160668726416364
-11.64100027319061 -1.0564606213150325 0.054206021710144874
