Customers 200
Coordinate X	Coordinate Y		Demand
10.73599732622603 0.8110349839294485 0.17863399910131172
-17.488815717824792 20.833047888914564 1.312909472159064
-4.4238030821937855 1.9898051957992877 1.7979660534626525
-9.544134472811045 -4.113219182141283 29.507351447997152
-3.7134849054348025 7.6667057176073055 0.09269559026366962
4.651425224865986 -23.428191978075652 34.35870506994612
13.484083835904357 21.223866531832638 1.9906065943383662
8.56202680448709 13.555819330445779 1.3213528232586718
-19.420411193257294 17.10194829978257 1.9266165256135557
9.44968620112853 -1.8815461441466235 0.41937101000774574
-15.657514932215562 -17.521064082675114 1.9667901672311587
-14.52179592967786 10.640289336255384 1.903972051983214
-13.506063401415709 -17.308707920524903 1.2319249610954333
-13.522171751997611 -14.679982897208099 1.2711307765191244
16.648756535973153 21.254517562704606 1.6926092186266242
12.87798798042623 12.982181629436353 22.55146512923885
-15.654461264630589 8.493811157395122 1.7635217565645547
-14.689966716345452 8.770624233972367 0.9724659267865027
8.065790867045903 20.024611427111235 2.1306329092166387
-15.389018107689228 -5.830485579984595 0.9748921530137196
-1.4014844461219589 -23.774136485226762 1.6202424310210495
-11.576965144630615 -14.311118261685623 1.875264942783489
-1.8449261363571225 10.253002884745294 1.69489894193748
-15.815513667981337 -8.68843877457324 1.1290706458252424
-11.5493963665456 3.949173105742 1.8514801126738778
-1.471136030963232 0.2243885354499934 1.5647032951577016
17.37250226309155 17.864707045553562 0.9113156642614302
-18.57829408343883 8.267519621484825 1.390708839884327
9.236589836371115 22.322915417104532 2.261553850151696
-21.762291079010694 -11.235127118904586 1.0049698783934566
-12.449368368573248 3.9578895288313327 1.74013655361318
21.164307580830666 20.150685384994233 0.7389330855567723
2.865379260613313 -10.750123936285526 0.6388875081554518
4.1532923696362 21.392132829738895 0.4697473340779278
-12.310561650311215 21.45706261059255 1.6864340874529662
10.833412627004304 6.687668215235939 0.8765713543185929
13.915970989903508 -5.4282779402495125 1.5413443383877268
-16.383558309986608 -3.3810766520265796 0.5395524707624196
-8.130316753455547 -15.796443615008668 38.85506559932164
0.03494295615472234 -9.707518519715553 1.8586547538299405
-13.513236416331257 -10.72836955780103 1.4706252769040593
20.404050812667712 -19.44503373428713 0.35859457014240825
20.755101409424963 -10.050500455951292 32.03163962181921
10.743089036112833 6.4350263478729035 0.10931038499081275
-13.296241707811149 -15.910131149201339 41.050398412791836
5.114008295248215 7.634231914082739 0.8607896443891256
6.618795080852413 14.387483804624722 1.5790656624878676
21.565882698910947 -17.83619077834348 1.1316152134521376
5.98209416998545 17.487697776790306 2.059451870510449
-0.6535367907921906 -5.312189348596645 1.6714653621108493
23.67813704988018 14.242779392561403 1.248719691750519
-14.607906167223668 -18.554062840812076 0.2539469986828259
-3.1747976467422405 13.660379012665588 1.3312135168583654
-10.587973388161217 -14.376166657764333 27.26242849072511
-9.447731504472157 -19.23493661742131 0.09897849849950562
1.1202347814365428 20.699106595290882 1.8277623877180553
20.460807199529338 -10.73765638757727 0.08345554080593637
-0.6865713248797797 -21.630551944704344 0.7950215378667873
-20.5702847609088 16.040145570236636 1.6409531614093211
-12.314630642592041 9.739266449981772 2.26642741418453
-0.6296004588674514 5.340519722045021 2.0152350050107826
7.776981327839636 -14.14079068840447 2.091510212711107
-2.64140442928453 21.738966480217748 1.590993115592331
-5.028776192866546 -12.874921861046321 0.4442397069105222
16.178416656784723 -14.82339590703623 1.7625406738859661
-16.844084020787086 17.24777002634902 1.7022581342791325
-11.995613515156347 -9.949562776727367 0.5946432664120419
17.020106706700272 -1.88515003139189 2.1522849668749697
-23.966687657177175 1.5422977823412218 1.4217202929698152
12.065433086554743 3.487055209610939 0.12274709846759596
-18.54523851007203 3.6121878923215895 1.0721918437557432
7.605251528839855 -22.661654444081947 0.9448931085356035
8.46960866649995 -4.659385830468176 1.65977606221143
14.806106085014456 -18.910011567259424 1.0337343135143913
-18.31121605071481 16.859710612891224 0.450795437331851
-22.535196895521906 -1.7141333671612837 26.244047532108606
-8.63977009482073 11.9404625261695 2.1700853030194933
-10.958114924876455 -21.1429100184604 1.3264499261630838
2.093179190543431 22.29790336306508 1.5542004184516087
4.216313230462929 -3.5713050884206665 1.5890431073913074
7.471107520216537 13.738260305269096 0.1766883897857527
-14.892590883054075 17.948680725004863 0.559521408497111
-16.516082889797165 -1.8089973076933135 0.8368997432360888
-14.029362705888868 3.9977632983929086 2.2026533907501085
19.6667044390087 17.291554653177627 0.8721379780790868
-18.074240998527298 8.041223282099017 0.3267852359022885
5.015831388489393 -0.2266863873674817 6.43067720940631
-16.44918211436607 3.2346476070926493 0.5148906437093496
-4.085390347701647 -0.1990567120870494 2.251851688355748
-22.641277774216146 -1.7691203043714654 0.14971549288055178
-8.645005045214722 -16.401982978148776 0.09859157881079313
16.728452305113095 1.618866182220678 1.5191095574062907
-22.854149319221445 -14.67696043567763 31.61472045361037
-20.83250515170976 -13.941035034726115 1.9278662735415353
2.421047746755229 16.808369263123062 1.1314276076898702
14.542167057355885 15.249425057973282 16.592083155417473
15.55044211241609 -3.1076087057147532 0.35754591718150774
17.284611950578395 -15.276034423198235 2.191820599232265
19.392282878348045 -21.854622222280142 18.645771753828168
-7.881306636430826 -15.479253289818605 0.11189037345618445
7.448324814746863 -4.7468484766224845 0.8128941066364194
8.41600649026092 -13.622285246018322 44.52709414597312
23.59876438206126 -18.1598918253276 0.8568929980313333
-4.666506741923441 -15.804597094817993 1.9899926070803293
-24.040614465513237 21.461948098609962 2.0913580391394726
-20.083473311629966 -9.513169595733288 1.777668723213792
6.201081921215245 3.5605553073795018 0.7146639680163898
-17.70793545644387 -20.471324541658205 0.7071634825492737
6.847264294383204 -11.86173480737162 0.31323861688634475
1.1546239660552562 -23.44135150756769 0.8297419451222009
-18.92477860691245 -12.158461427223921 0.6221916302423113
3.7343184896197448 21.630875334008994 0.5837097407864426
6.518086493979168 12.548260741256248 0.25357512211015937
-8.652698425877343 -9.787270964080331 1.7377658240746476
-23.236613253406077 -21.665402379701085 0.7583992885826025
-17.702610084982496 -11.118498114524359 1.7082144743888983
-17.7612579118148 12.093540873529024 23.549786441132248
7.369351613579819 -19.504428227325658 1.3301420859516846
-16.649377273140555 5.33612667206795 2.263794712744508
-16.177187756458167 8.982745328278614 0.3145700231924185
-0.33087772456454134 -13.525671903227494 0.6327484017725681
21.79029562675366 -8.057474685758345 1.3416090243216359
23.248345956605057 -3.8645051357914024 1.4459105119290054
-9.03852872566705 -7.458046329891995 1.847376620369541
-13.310567383721414 -3.219540720155483 1.1339849539673834
-12.235673614914326 11.322243668939636 1.1268186374720928
-16.217605213874382 22.005250235419542 1.6910724815864144
23.981971839645155 -7.865587053886069 63.77133898752061
-12.973422813342866 10.491349621778694 0.3083115900794308
21.792126916723802 -23.99293439708457 0.6847300658739057
8.210876832710213 -11.35252810502006 1.3421474116557057
5.278385335312897 10.85731896102975 0.1486545195707212
18.774024197651638 22.767623540860416 1.5645527706044335
4.289914903269431 16.389787126741908 34.32418919200808
20.902365936027184 1.244443679703642 67.81265206257245
19.361721505483796 8.719906653290678 60.64536136312505
-3.5318195083852353 -4.628622839551894 60.13343629617894
22.235175827246373 -9.119416129893168 1.4596918796790819
4.06517248635442 -20.155804729099984 0.2518994802356927
-21.41145314448595 -13.831064717434218 1.383084321243426
-17.73695753125973 23.59781145651013 1.3180067967916853
-11.781984266737737 -20.844861907032417 0.815119430264532
-11.999178125972005 -2.3693123219869383 0.9617861424222176
22.33556803856357 24.04872764212124 64.19546477067762
17.85816596208168 -17.126760264480886 1.6484657561774454
5.008562020459129 19.702591268201285 0.11669685107691992
20.423471203646574 14.369822585103032 1.6950713142357556
-16.05087812964643 14.454000777999974 0.11796037816028551
-4.157015370755389 -17.27169350650525 1.151642348945916
3.0906332012832025 -15.14074445474206 0.5218645552003333
-5.855510187102814 -5.222141058262388 1.708328423825132
-22.61681687670444 23.94174152452505 1.6628728119763858
-19.159789829739836 10.755673555194905 35.60430001556722
-21.129516258247097 3.710803735099967 1.179281489244042
-15.093481799743898 1.4294919778599895 20.23423901166746
3.3319704597081015 9.673622755126946 0.9270916762698482
-9.298258937868017 -2.299658952499922 1.7371715644140258
-11.344977095924076 8.59348738465222 0.6415860678857938
13.059792052057384 -3.3361426952320303 1.4057094199085667
-0.8734192082218746 23.07650804665876 0.9576882195449007
-13.897948319301328 -10.139469238964237 13.558022398265114
19.100314426227104 22.58511409197125 2.070155159285188
-22.574291004966447 5.272766792696768 1.8946590676428552
18.57358537777418 7.835102814497934 0.7013422716292654
-3.891426463665954 18.416389237898525 0.17843584898330028
-0.32789555158722805 5.117940824686169 1.850102128600735
-21.390931638014873 -13.81314413471091 2.1669114191472243
-13.4881049355629 -11.157954772058055 1.3220044649384433
17.62667258036579 -20.491371644290428 0.6229136719379506
-18.741454040101097 4.058437845964837 1.3376753778062307
-6.267897108570269 16.66365120386284 2.1100666789861147
17.834466546189756 0.3211107907188255 0.4780693131396027
2.541296467033407 -16.269904434287675 34.92398986417387
22.272080845352495 10.749931521482944 51.22001180182884
-11.102488645858765 -7.64773013143386 1.5653460400910986
21.54635992882269 18.66528519086634 46.53627983281411
4.975790116522736 -7.837521969966659 1.9896041416986128
-0.49808010958750015 -23.31883938835026 0.5035466009760893
10.71744239423569 -22.1777262066999 7.415120948814584
14.12858723793926 20.690528801546773 2.2005586874595946
-18.275510996818372 18.38659871540507 0.4553257197746753
-4.498576879614026 15.920910005971004 0.34911222448180096
-8.633329336046744 -23.591477108142705 0.5898221310003464
7.620247339966074 -1.6759242179933855 1.311958813938134
-5.795917816322137 3.2803747310072797 0.7585644915685835
-16.918064635438274 -3.306567093361168 0.402111958005964
15.504934245046588 12.557937062932492 0.5586972996136552
-20.63771610583822 2.1477841100389687 0.09021192068997559
15.29844024466648 14.388787766889676 0.3001238564682779
-10.21911928521644 -5.3555637902786755 66.09737855735337
11.041543644432414 19.734818245214658 10.421630736846764
-4.176633160540116 -3.464927555050969 0.0018157685225601362
-7.118755642794579 21.52088109311013 1.4381613484905877
-6.040818581851467 -9.593107103286568 2.088182973474061
-1.6702129595803474 -7.452232153753206 33.1789953389671
-16.43547733222748 -14.955504308335835 4.252537082768575
1.0352860061432931 -3.081252204098005 65.75944200782057
11.191025736024418 -5.665460218013817 5.349773206012234
4.605203506036687 -7.284530167289585 0.290036549188452
-7.75187536503592 -4.312770446354512 0.3632873484497506
