Customers 200
Coordinate X	Coordinate Y		Demand
10.900347279232848 -20.562037743874495 0.3922297891873806
-20.772055579026414 -6.694163171962417 1.6123116563019515
15.638067209885095 9.63486981124673 0.5269874678928811
9.608450789335132 -21.654846868456218 2.1383997673618516
-8.79628648670684 -2.0289251306950153 1.8061039278334818
16.211779182571178 20.805875036669413 29.14060372111095
3.1462460736584843 -3.8350471697153083 1.3744321983615504
16.28224933586634 -16.8773839209959 1.5014017211106367
17.522284428198727 -15.596933457857622 0.4264923076992841
-4.491573660679375 -6.045282237467435 56.2419183651452
8.60452720205532 -15.665968041312157 10.652930142708023
22.039154943650406 -9.931221624617146 20.33450301232427
-18.062462121005517 -6.3926836916544465 1.361862367330317
-1.6705805264325804 19.063514408942144 1.4339573196578799
12.507649201598062 -17.961605564779184 1.0801611471971122
-22.616728555195888 4.083174935947688 56.51323481744756
23.621265868826452 8.430502822977417 0.9880903186103005
2.5379940667016796 1.191197540898997 1.934554640475433
9.762318184366219 -1.9302046915115514 1.5000626190309105
-13.025953050402343 12.652730115279338 1.9953492373619017
18.640419489033018 -11.730926263531314 2.2640924836656846
16.364412789003914 -23.585017565380777 1.7183643287851345
-7.803508818148842 19.874513029856168 1.5387021125007194
21.73746308651366 -15.219403493796671 0.9932056428461762
12.92555413414019 23.4475157257333 0.04891973860954742
2.5922543917714864 -23.42613226618804 44.354961402951936
17.256582171871663 12.623627178077685 2.196028422498098
12.882131765728614 -6.178091449567465 0.3982555776641435
-18.98784896511978 -8.105585249389497 1.6092549079598146
3.5983649784575564 -18.291197535667667 0.963231611690698
0.7901781284755796 12.015028172092453 0.7888474919448931
13.998156515644133 5.563413478935611 1.3955186698100301
-3.137990286512475 -2.4552001548590594 1.8926127390407879
8.583460791851861 -15.660303686118933 1.0251144225503077
-17.74077022885892 -3.01495663993222 0.38329148257990164
20.856097026243667 -16.668706533147756 0.4697478175791408
20.13944035418212 21.358350659273903 0.06025392881805171
21.656386185945646 -3.401859413323711 58.55047731977755
17.478120250725194 0.9927579743420352 1.1593940351376457
4.129663301528807 -3.694892723567303 0.20498023065910764
-1.993114342935386 16.101647815975763 0.07431115675722957
16.949984552704105 -23.924316929454736 0.051755936444341184
12.698688534711904 3.2139495848811865 0.9435646714926399
-13.938934894980106 17.215761675658495 62.55281949924022
16.898220448900283 -13.76858434803646 1.0922543128773654
-1.9700054944173715 -15.790256348952145 0.8871083653661512
6.98556137658074 10.027397418636406 1.6911714632862098
-7.912137474738413 12.931525942051614 1.6540104733753938
-2.673628431192869 -19.54171870105581 0.8873807612662564
-7.3841375290045566 21.983478801990135 2.166131571056583
9.695891495400232 12.971453810609042 1.7182467607588727
-1.8678611153982678 14.10998822840361 0.30609146228768463
18.032438244445153 21.131206148478977 0.8196885864173508
6.753630608587617 1.6026439452383867 0.531849017651628
-3.432517818756639 -7.8479817095415045 0.46142878666953063
-5.74721012393539 -5.065135633679862 24.68933116234159
-9.952134307099518 -5.417246342646358 0.20381071908727055
10.861382578325227 23.130569003520282 27.147533216611023
-8.005171961231783 -10.757943321451268 0.011819652124349796
-4.320204381188905 21.6006634956555 16.624386135572237
8.378439931503577 9.37855673090191 1.227235862921262
-18.212598960775317 14.615010383660774 62.656254905977356
20.23163582584448 -15.469072865865224 1.6333398856244556
-22.90965307248603 17.76092181516565 0.7651546066221203
5.321004302417022 -8.677191502956193 1.2560309646859682
-23.259122041129594 15.135362627700571 2.1073609161054745
-2.0597093611473722 -11.59378447041521 0.23881802546333447
-4.331451974575346 -8.154411013426495 20.054478155947148
-15.158634159648704 -12.230436550230095 2.1801244681940837
21.83374960436261 14.463012825225643 0.04493983061660446
-21.528989173777084 -14.83431589248167 1.568461961123407
-3.9946315646747514 -22.097398203699395 1.272537618818483
-6.892194487651279 -1.628022333256767 0.33942840300007443
-15.78524788630468 1.1191818879075601 30.646262788925206
-0.4742967873826813 -5.298903341691483 23.16159101687947
-3.0965400526339826 3.785742700969241 0.38830910845613587
-5.838706735334506 -15.946161323085613 1.6169673725412188
-16.98059465427134 1.568796499016037 0.6424961544286556
-7.13041510694731 -13.487837983469825 1.0338410887818024
8.302533412161335 14.268288508302165 1.5331977476817882
12.824824783423404 -18.217121281148707 0.024945788253494295
11.42710666321815 -10.150406463514358 1.9073027829048772
21.63231181256239 8.152986164010791 0.5800942272423486
-7.8526293171692485 14.624213869733225 0.9304920048530998
-10.37181046274481 11.323811893619451 0.6247927756962713
0.9734942891846866 -18.54145403755279 2.1010675956791114
0.29302887976935377 21.167684090693086 0.7438262399776551
-12.100728653731325 -23.986090055554627 0.2362433628520485
-0.46750234401181345 -8.767482413891765 0.9325428278215441
14.296015704431015 -2.3264881663133843 1.6355887886842255
-16.343468817405448 -0.26117182413851453 21.712730615860853
-7.6917918715363385 9.617780033418114 1.1778753784731026
-10.451141189245563 -22.086532219092394 0.5196283016229359
11.089002740667498 21.01093772835923 0.6130319895440285
-13.206340456451406 -21.773355183744997 1.6268608550233479
3.8284314777030386 12.892430384902243 25.501118114902624
-23.28254654475634 -20.604577195070586 1.2275963221405748
-16.106452601812574 14.240054502139214 1.8758551530617624
-12.269744909080105 23.458810452275316 1.1482414083335886
14.416052030334578 19.097609336710107 1.3713510274850564
6.382369018173621 -4.390275510316343 1.249646014172911
5.059128675748595 -21.18655469767398 2.2236816348579755
-7.816133988752534 11.070046632573648 2.2407214400629827
21.129112973846347 18.94575457972417 1.3256205546075033
-8.537021615156279 19.629426393493226 0.07321253237580698
15.895877247273134 -19.706518980524734 0.25730993919181916
-8.632913157205195 2.5167779297778328 0.18631725553668785
-14.890353232600825 2.7190786861613896 0.25699045138262133
-12.054435231228334 24.00941424903536 1.7121595613585119
9.801792589619227 20.073832169464396 1.5172080266728891
-18.161341416497617 -8.38128031390939 1.0056201336287796
3.4894924070503612 5.592785636787231 0.1042257161576588
13.40925031127899 4.648004909687238 2.2126244962301933
5.860917237738266 18.937815407411122 0.8298533996775441
23.262161339941187 10.373929329460912 1.0287602894865917
-5.844771440644623 -12.816730070517519 0.04250178315553861
12.090253229458158 9.74953911836241 0.8353191956595635
-18.10641578966327 -15.125944247406197 1.3432560516315002
20.250219157550962 -9.456661113567579 50.32169687666292
-20.320584990697295 3.984360211864264 0.5633428442290898
-9.375395624508418 -15.093147944281418 0.22834241813265438
-15.77981843707651 3.0470620063589164 0.8141935185675372
-23.360816852657894 -15.49123886237522 0.36867653465744593
-19.328404267910756 22.90727125072246 24.349558862086997
10.6472737832178 -10.472708044606474 1.9198256228982293
3.755709391929026 23.78256075876182 2.238965366642263
22.12964823274793 -2.940593821600423 0.061811844857240776
-22.787903245875615 -20.57172748825082 0.8629117393774426
14.107521662079442 -12.022976307059315 28.05135551975278
-19.46246387549146 3.7912621493289227 1.3376441808378554
-5.96863324592508 -16.66939542805007 2.1712412298813812
10.789094846382149 7.923594428710495 0.8519867999251625
-11.756152852039763 12.068876844628798 1.6823348724304261
9.106822942820015 -9.751657941745348 1.0840929757868667
-1.6180064651951218 -11.245452042216051 1.418787237349472
16.3562424458477 -0.7140323142530061 2.2277441478354865
11.555496609493206 -5.170885596655829 1.2414410346795774
-3.6013303477153666 -21.25248178998163 0.4908283583129924
-4.9132893167736285 20.640363446960052 0.6634133732723466
-11.985149396359786 6.652875153086856 1.3083847100665786
11.7894017974968 23.888081072446408 1.944796732960438
3.289134439784838 3.7927634268688424 1.4412057800566034
-23.81087902181326 13.485889789313148 0.09120772814150331
19.657586002931627 -21.58355596978398 0.5385212974918089
-15.712488925013268 -23.532165769093943 26.36853802791403
-9.629358593379086 3.164608478131723 2.09239221969662
-11.071535412662408 8.721972938776068 0.6482740293605564
3.312237370347749 1.3828099230280304 0.39589473745427256
18.91020559840523 8.51654239015688 1.8800830046001262
5.982677099494681 11.384732151444213 11.735933632366327
-20.557018508230506 -6.334400062353001 2.094931240456329
23.212446029224903 16.054072495237023 1.1225513791053299
14.834977068500619 -9.083009361173076 1.0948829368885382
19.87246762192344 -17.785832749411068 1.3191428046855453
12.343117243140167 3.1858599685939715 0.29901492564187565
21.32594296861764 -6.220583277005837 0.9793400221904286
-23.583685970411487 -7.0368764928753285 0.5858075079945001
5.989658268785458 -11.469876832118187 0.726235183249692
21.248958024356035 -22.860612677230403 2.255838499518245
13.768788615296264 20.55169277397631 2.084372687086204
-3.079150261536567 2.5926241717308045 1.3462390410224028
8.873231727116568 2.9561029442934537 1.2614189865530712
-16.522173834984013 -22.920721270008908 1.7817220261445317
13.200000560361147 21.90773012287205 1.4349525322786136
2.55827714282621 17.96304820261362 0.5085053596201622
-23.63079134408098 7.590314026393278 0.23939148593909237
11.938661363244272 13.892520374672422 1.309553650811314
19.298981111115452 22.118271010772805 0.33019499803507574
5.15297190425735 3.428150053185993 2.0564592910410213
10.463476184848192 22.449617827624074 1.1244971413798177
2.130807398315448 -6.6907056901483415 2.2329112087232343
4.905257114151739 -3.79869336996398 1.908558644879044
18.550730300348146 23.736486250684496 25.06784375584276
-1.7971532943272286 -19.79143420792896 1.6039064933180311
17.115028146832646 -3.454398248701367 0.7587972633644529
18.5213374453984 14.82344416397873 39.44117779337707
0.8630274017357872 1.2286156464869862 1.1641691829263474
-1.3065341226408351 2.4571850540536824 0.0034251944377439512
-13.81267882406328 2.8932756976582175 0.17604627703450362
-7.204037948052849 -17.97532488682248 1.4691218312069416
-8.470097785464954 -10.781192985974418 0.40209376847654965
10.187469629182962 -8.829680191280245 0.7630816519047064
-3.3159993599312423 -4.2763666915947525 1.7053872161310715
7.332708660840447 3.793413037733231 1.4318540247246956
-15.461552585728937 20.09503737586189 1.9395118559701643
10.443780305405 7.938289472790369 1.8944831093186478
-3.9497764897739898 -6.758279514433591 0.14834399323076042
16.07739391737114 11.50268395294807 0.8014900430371898
-3.540076113089871 -13.199718149164667 0.3682742765215546
4.821307491377531 16.68941823971011 1.6354022179159
-9.520853454363023 -20.149008822776118 1.7164359222533085
-19.24948996795636 16.196603407355372 0.5577012247501559
15.483438422525904 16.358183583000592 0.9567644637767053
9.68406093100589 -20.348995697320273 0.613850694923163
-8.22324563242826 3.670186798547125 0.19573793640834736
-0.05802630125111045 3.980553264370901 1.7402861274778658
0.42729484925765077 7.734259507235008 0.44603805478029135
-4.741657629822325 -7.2733580890405225 1.5607785989907164
-22.00586733577198 -18.460636100289012 1.4755275369284648
23.485472679899207 -20.541554833703234 1.9717358419334807
