Customers 200
Coordinate X	Coordinate Y		Demand
3.643540845210137 6.2329994883699245 2.1421589366055565
-0.34943591905876065 2.4310184881634442 23.86124927299756
-2.4491847774314706 3.681056986862403 1.0897320566459472
2.6848064312327566 2.71590114741932 0.8017438306067817
-1.1266393639623211 3.8104849933297573 1.1749971827264436
6.537284344516096 3.2987450617860388 1.5669374848240483
-6.785727795129723 -3.240565900672055 1.6367948703444977
3.7839074286950196 -3.2593842821120345 2.027382678252861
4.72107978350286 -7.206804030961344 0.2681751922723429
-6.588349275605603 -6.505877918535422 0.9898500942892029
-0.7241887089549762 1.6681054672511755 0.22322197588580164
-2.6904803236099912 3.0496382464875005 0.38738287355791395
2.1696321167934434 6.586107568809902 0.8670105519681202
3.982473535396783 6.308916015834405 2.2439967088772335
5.608984366182343 3.4631145300861914 43.76246937120555
4.257472663279978 -0.03239518876111095 1.7275984728439815
1.8151912104002994 3.229791908468526 2.0613761627032257
-1.9077490418903387 4.590289758844912 1.2316545977454612
-1.3003485769547516 -4.532573775336542 0.25397309527665
0.46174330862545154 -3.541232174656457 1.0826863451370428
7.867628048087425 4.452395132005294 2.2272725875106874
-2.1467517846173667 0.8861324913042016 1.1791439907616217
-1.2730011994730634 2.557004614089396 2.0999698459166924
4.04605536824115 -6.744693523038243 0.9241085670481536
-6.470469894377253 -2.845219090460998 29.196064965982643
-2.274501562625976 -1.6377271128338546 0.47383885609357423
-0.6075975020147779 -0.3490605929835589 1.2864333896512574
-4.785476772826842 -5.910956068960499 0.0268977388820563
-7.638850833496493 7.711557369950331 1.3306048505646406
0.6391306108907475 1.9398984223857334 0.4979664256150031
-4.429303314639863 7.040815252104591 0.6051955360316232
-1.703136683754979 -5.393912184075076 1.4426328135748057
7.902630076820532 3.07903022601307 0.8017756819288515
-4.913538624425243 -4.954181252050294 2.186793359673466
-5.823512471019858 0.4569280043658592 1.4984480233376472
-3.8673522432734173 5.291436752600401 1.6995451888279136
7.095289911793707 -3.0940809056140557 0.01900455848408836
-6.115347054859933 2.6763749256645033 1.0857397592338909
0.19879125390771166 -2.026257432354502 0.9826131087666987
6.710123470573291 3.79619256681372 2.1458197895805937
5.548654963904057 -1.4555583132215748 2.254619943660658
-2.18530536435458 7.420112248497596 2.1471683081129855
2.0441577617845086 -6.16091965309349 0.5688936746039236
-7.855920965560086 1.7419349466606397 0.9540782225636942
-4.795049459193538 6.12975999692243 0.08164453563214122
4.837510279006574 0.07442084216371699 48.06343867070474
-3.5781210351621957 4.768787557218089 1.0559001999441877
-5.717967796954116 -7.352616298445836 0.026671634022290818
-3.963770935539103 3.4941936392851614 1.1879657141389839
-7.533289317590101 -4.124982546844979 1.519486878923485
-3.55575708480258 -4.647988775940173 0.5488732761721921
6.088825416125966 -1.7612146148672752 1.2761837971678163
-1.5807316578761144 1.1497966224535168 0.11654856611714637
-6.001209226089123 -7.8018849819838705 1.5560668872590453
-1.1983290283026735 -3.610841081938865 1.391901484325685
5.285786291329546 -4.117416557230976 0.14848912496180056
-2.6437699429539547 0.6385010344486733 0.23305638624015096
3.059011074501068 4.52951725603823 28.739389919495967
-1.4733368399028028 5.779823303325141 1.4880103554601098
-2.6432286955136 -7.317864399250866 0.1381584028672024
-2.1597118087810796 2.9506236830903543 0.0702977431504942
4.19160649428039 -4.3739237530208275 0.7742017906395564
-4.980495587509876 1.8761928182972294 1.0936929395210677
-4.499383865502351 -3.2098454597586867 0.11776406767025399
-0.5870616127392893 4.684698449236589 21.842534575750197
-7.299923182822545 -4.401843289120773 1.4301198708613767
-2.6175400406259484 -3.1185325899710286 0.7832876880457889
-6.1429705645958474 6.637674613880324 2.012229589892119
0.14659460443090727 6.088794712615375 1.3873917192755265
7.877725229208055 2.530385431201334 9.581275289806344
4.922293279586003 -6.500963435988355 1.9863417492537452
6.4264142323238715 -6.060617433425665 0.538725213872396
-4.087689928862932 6.843159092422416 0.5209112677602166
-5.4461195462307375 -6.443796696719039 1.0793010718171951
3.0547086464920707 -2.279894495052607 0.971147633948127
2.7024913057010105 1.1761145387382697 0.8199267430333326
-0.9272171063499133 -2.369096259867324 0.13851404126273476
-0.10083714631435586 6.152626363075579 0.048514452479284834
-1.249119930984682 -0.7641541486115538 2.029628269121298
5.559489000369377 7.5455563543168775 1.6742412212263718
4.180166920555383 3.8237781868889016 0.18375003164490342
5.425157497644285 8.020007762547124 2.2118968689343403
7.01214650759603 7.98798988490609 0.12098476270501392
5.384938620091725 5.950750810667113 1.860713522399432
5.286049181900148 -3.791533216139781 1.3612636371801452
-2.317508087185243 -1.8835922338997282 0.951229543526281
-3.580412989905593 -6.029809527817623 1.9356584924406863
4.280154088614786 -6.702231027336952 55.700286458083376
-7.556891492709549 -1.3310676649019177 1.9699210655882717
-3.977883035117193 -7.162393867480577 1.581763690335577
-5.0735126015336105 -4.178093719691786 1.1852490383747356
5.253835517523685 -5.196655128504042 44.645484523854385
-0.1810561637733041 -1.4644773145580985 1.3502028702221336
-2.8138046979996876 1.9501227577724063 0.8681049667083657
-6.20871312461812 3.9255321653823154 0.8713601621580641
2.7358406377762194 1.6116792437267362 1.5867293557381592
4.2540629879560745 5.609802781489188 0.7513627857118617
5.70971292614897 2.323960463501925 0.5788460831984644
-4.340028134980853 -3.7973863447382223 1.067902540698123
-1.4487217804510601 6.794964276924048 2.179850363398711
4.179560643941502 -5.676645995787619 0.9694348292209668
-2.754863590067342 -2.021007071158477 0.7177961064337495
5.6299150496423636 5.908347804668263 1.6093571481463667
3.1213288761412445 2.9433945178235152 1.259739999334779
-2.7407220110977315 -5.427705341956795 0.42387346031756884
-0.1153243611069703 -2.536119476618116 1.6839151346365124
5.5287578033802545 4.162926945391095 0.32741228923640925
-2.2493723836197033 -2.3282954574647445 1.624792719174802
-6.44931059382733 1.312009410280295 0.06973941273383868
-4.2484889998009905 -2.9185732729462703 1.1685634861508984
-0.07774025972458866 7.602449768089714 1.1303549258166734
-5.204542381940932 6.808628952297366 1.6188388018568243
7.857472750119918 0.6407198869643675 0.11082353593548148
4.9623839385610555 -5.899455630351376 0.8499494236725011
-2.943128580276235 0.7666762584368241 0.4889152916726911
-5.455260005587426 1.1291298507106051 0.2376895378248286
7.133606672880009 7.764543739454776 1.4182132634635816
5.952596994549137 5.814662217445412 0.3018226116749209
-2.8424860736262043 3.1391473269405474 0.8176221112546745
7.794957659358541 7.797386886329941 46.46187441392827
-1.9864506301456024 -3.856763214038854 0.5737368133600342
5.985494092593201 5.932660420230794 1.4979450049527925
-3.8727198314497673 -0.7955297884052243 1.9179075180963991
7.32475782369664 4.418155016548256 1.7532574170566975
5.020186777634069 -0.548179973387746 0.17738859663585782
-3.6953318469111256 -4.436231536275963 37.22946149802952
-3.3976535915092847 -2.9354716656023903 1.1599884751123404
-6.656197884823325 -0.014235882595921002 2.035894459161301
-4.222417329693725 -7.931186909166803 2.178693302212938
-6.903106729217362 7.628428385231653 1.6975977124386357
2.2219228731865406 -1.647823788734822 0.19694593684229195
3.934741804420847 5.002126554492431 0.1090279292431251
2.6768538915917124 6.754110879583178 18.43212239267067
-4.715337461414377 4.4615255307360355 1.3046801257827831
3.1599738776035533 0.1432200148682346 0.13113778697920528
-1.9321631822601575 -4.628892201145605 27.93040097736369
-1.5744272387948828 -1.3334135999093337 2.246460837015118
-4.057430041955012 -1.4764997413829157 0.5118958189237222
-6.847699374328713 4.726521512187544 1.009318873593284
5.47750177429054 6.863503565104152 1.6711049305513734
0.23717197912590585 -5.14834176568517 1.6309021975704345
7.10393655637828 1.9300676644296662 0.5433169138309325
-6.121169833700986 -3.0013699468985324 1.7148506117154068
4.270533172207194 -1.9497807248980845 1.1256311170205973
-7.7223637755296295 6.162024199904335 0.389624517270779
-6.649675333048611 5.968541609667286 0.359790599197275
-1.8128112941633159 -5.90970518384989 0.3344900185782065
1.0225076758602571 4.740458681784699 0.7720413609844802
-3.715002548671374 -0.6598032328489223 0.926602610563305
-4.180866461411801 -1.3525173052044597 62.942456070856274
1.138679396886128 -1.7562517771261124 0.6504140048404237
-0.45974156545359246 -1.485646620322681 0.041179846571863174
-7.367003360607837 1.6833275461726576 54.14373753398618
4.059682388890949 -3.860487065618781 1.7835648322989155
-1.8241326387115115 5.828427930652067 1.9866639802163817
-4.915318217126594 4.573720516317475 0.897225763560355
5.6609894813570945 -7.718646230099325 1.8631145813577334
2.213937184501775 -0.3966261031306891 1.0590771566382073
6.738806551541569 0.0746680756281939 0.03269859566906821
2.1005865289840653 4.154462109793875 1.376678590958542
7.2611370862523685 6.304630729755512 2.2035054789979713
4.447323186698343 -1.9139686933552955 41.027584785851104
6.722554086204303 -0.05416467078000259 0.35918038061158364
-5.24721141155476 -0.3035459939358876 0.7012243291691037
0.8252818185983721 -6.321989716086981 0.909898739059495
7.20914146374159 -6.6353378485019725 2.1541937289877455
0.9439685820296495 -3.832212749801157 1.0678802689697744
-6.376669395914626 -6.6774059557238505 1.4311514111348766
3.916309352545215 3.4584824405263137 0.05096698916658908
-4.8831671527658145 6.494931130107499 1.1961425039694633
-5.550206198213862 7.770537848463092 0.7908357800561071
0.8411869114970525 -0.672178459453853 8.204932076694405
2.0844732239210533 -6.148256506838615 0.8728424083921121
-7.582637262311196 -6.3549337524282965 0.6398874546055339
-2.72661394100312 -6.3996314380767405 1.9179798560749213
0.9058932506771831 2.164175979739927 0.4611666142971082
-5.4705127240633376 0.11920771080972087 0.014650501280122293
7.13805503278377 1.131265189824054 0.1037731447550921
-5.686950183901455 -3.0017776317049285 0.24756058849022258
3.0649411038993395 -3.2838551325877456 2.2032421920813783
-5.185859876821816 -7.50229346064151 1.9208002303322829
4.721109782559782 4.430743244207602 1.1323481007491007
3.0327736821646023 0.6075833100042872 1.0579992376162541
4.544138218589404 6.258934866535822 2.093416401355383
-5.323843210176704 -4.551010800660753 1.5276405207198023
-0.3442769872133238 2.4895467230907764 0.9815422650930239
1.723936042914189 -1.7447972488364232 0.3686474873275421
-4.668267922243245 5.679186338925394 27.813088011440556
-4.454334516312192 -6.5174487252438755 0.880312736865935
-0.43394348964417917 5.222732250240466 15.10683601592727
-6.13026771066003 2.2694691291736504 38.10411518633517
-3.5304187658946193 -0.5935423536528727 0.6897215607147192
3.1609077075205874 1.7476275759238182 14.940811457905657
2.923048577787784 2.7208301113703564 0.6702165026488732
7.444328561079338 -5.7168572402801985 0.521789709827491
-4.942871367543257 4.6071492591589145 0.5568603693919116
-6.671086254060145 3.665708436977155 1.9742281702798636
-5.946967888154722 4.676513467446623 1.5729680055682482
5.006579966135934 4.595015095636482 0.9271116391716716
-6.77037768376932 -4.032085013284497 1.5519198826736007
