Customers 200
Coordinate X	Coordinate Y		Demand
3.644982524086212 3.504446926892985 0.5361494312050021
-6.307398266697738 7.695202301273845 36.97011785749767
-3.543738252719334 3.74811908338963 6.1897147368233725
0.31174221133249286 -5.061181150219735 1.776540393636752
6.028471511981483 -4.744796193591459 0.8459835501260115
-4.7961215598041145 -1.8188874148620464 0.5602403006247771
-5.6058758646081825 7.974431761545317 1.8225983153488707
-3.348067973810558 -5.220388413875926 1.4897472144169175
-0.03700042403320108 -7.493636175621452 1.3573469080204126
-5.016594643570925 -4.848355609875365 1.9438848847526264
7.958867662156853 -4.244783947759911 0.6056386885876885
7.37099599289734 6.257279128505507 1.0431700374367012
-1.2584288741199516 -1.364857738029022 0.2759470627247025
-2.2662386203276417 -0.5947852737309188 16.305676417014446
-7.979711707242261 4.813159967756075 1.2815602444703427
-3.253581379283346 6.6657288709165865 0.9608963136728762
5.547807770513368 7.8878638144064706 9.055797955683751
4.596047263099731 7.4883846376577 0.6442862566208964
-4.250047811013345 -0.49004402274760805 2.2522283559770346
3.4470532482321823 -4.649633408933402 1.913369575196972
-3.3913784654190704 7.946129870159995 1.6567240259885316
-7.8308140771343195 6.733944773067286 0.6928339869498948
1.2157999672077375 -0.323177251986223 0.21838144412121782
-7.906368331817091 -4.68442464104557 0.7447219294761307
3.484989108501767 -4.368227533971155 0.7010821865675793
-7.320996791153702 1.5429049046210086 2.6649974539331014
-6.1142650731820645 1.2990114642197805 1.2984349033237554
3.113700270782247 -6.46118346507709 0.24462952859141598
-3.227806514012318 -2.296125681460391 0.9612140519534697
-6.338104266554608 -1.5100896079019215 22.19773201879051
-0.5015627123999747 2.8763763635181108 1.9091619721879436
-2.6130207717300373 5.065918732563321 2.134054444549691
-2.314308809145876 -7.859508305753679 66.11731173906377
3.172042521017865 6.579121396205473 25.122817372354785
-1.2125185616690721 0.6657727288498675 0.04387773100409528
-0.8148530011001983 -4.654209929843394 2.068076178193199
7.149881615795368 -4.553156643632376 0.8815037704368774
-1.123036044830938 -3.6764812023075977 1.939220366730058
1.6939613525806776 -6.961122820408638 0.0021075265506228834
-1.7241894899208114 6.813515988855345 2.2216981758903303
1.8381045883030505 2.1678852280464334 2.2039105102197665
-5.603696652383326 2.7221931052378094 0.2953018097425953
-0.567581943477048 2.002155178136907 0.05726450810123198
5.479940660944598 -1.1280782017319186 1.3924878259557647
5.210580288359969 -6.133290306917053 1.6198444569744617
5.622393167008196 -6.060218971575659 1.1295089236546834
-4.421926894362275 7.271610595987242 2.173450743970427
-3.858989133831376 4.7756003091625 1.5532679467394173
0.19541739327721686 -6.571392264441165 1.5960741242711547
5.536529404952682 -3.462035440136505 27.33236086086334
-4.525431569977517 -5.929675586233549 2.2202300429450275
7.0476035571231215 1.9134046731928784 0.21105201534592183
-2.6652381043700184 -4.290320206279202 0.8041207357361246
4.315187964087648 2.5025579622181695 0.6789070558871931
-5.804191408568589 -6.05202523868828 67.62372423134997
-7.479801714591628 2.432766549557313 67.11545687783847
-7.145666091474263 7.884868013889674 54.425067546717365
5.277866785250839 4.075135585699797 1.1131687513557775
3.295510607977842 -2.078456306417863 0.06501346242699303
-5.114171496828865 2.103437560191679 1.6337769527475836
1.730910180000914 -1.6725823017492083 1.7521408332915278
5.65767383366227 3.501528549706638 0.620905964278737
-4.356343329813405 7.478968663993542 1.9601359074970754
-6.3502800542112405 4.682098470002793 49.14043058545005
-3.2233714005236114 3.4680777545604133 2.209232959213744
1.9610591455344946 5.743904892857043 2.1103466625401466
1.7047332256548304 6.184299054895812 0.5989132516621405
4.6810360126655475 1.0770306963945522 0.8453023660335417
3.18843937258519 -1.6552272621571162 0.7272315995503981
7.963412493882198 2.203154030755953 60.470208049645024
-4.844646085693424 4.772037645287134 0.03880676819132891
2.936568347559341 7.920214344778527 0.5011047214036913
2.5537427444669785 5.599215332869546 0.11347837417724103
-3.1733953648618436 1.7786180395095779 66.54327670370009
-5.68257064812232 6.84298641623791 1.268029100138488
-1.3621098995766165 -3.4342683090801716 1.3736653519480562
-7.67883164459506 0.3508653925984894 0.2666130698650129
0.693357052699856 4.657805568296701 1.7704355479628462
1.2110407639943859 -0.2310410277717832 0.8333347252219377
1.3602170266987579 -5.850326407896736 16.132919799272084
-0.43149789582680537 5.237513973804064 0.8684049440210928
5.656032163740154 7.350013057310045 0.46761262826320255
-4.511542888870836 -5.053483179426959 2.257460470440981
-7.266226813390313 -5.390847215999583 1.3743687442579304
-7.2592824785420484 -2.5733470305765986 1.261771398734516
4.202250823893929 -1.269750695812879 0.8752362710611571
7.389459901125275 -3.3010701313483835 1.8886620201564872
-3.7284217531751422 -6.517497975155408 1.6505776847675724
5.180191773257879 5.793467579794218 0.4639166087987074
3.969336770104248 3.4205063765673285 7.922035888836442
4.176211732409466 4.433723896766803 2.229459125282485
-5.124654862415766 -6.397023992235617 0.5967484306406147
-4.307373825641805 3.9761767787190974 1.8407403014334296
0.8543009272052475 3.527253873138562 50.01272233987301
0.43038988685309854 7.822211769186693 1.4419147483958286
-6.251882606295625 5.826119799101733 2.020385835059333
1.3723532502715303 -6.402003621389947 0.2514408037921349
4.9932969692615385 4.276920010431958 1.5829659831409446
-2.0766956272458046 -0.8588305374822387 6.993376646873559
-4.641223388761706 4.557200565266733 26.098389393674495
-4.723533129613147 -3.9794718280279304 0.09016782140911861
-1.0902637349775695 -5.898964421515761 1.3570791958860462
4.50732269614452 -5.270062009441269 1.7804293668850055
7.159210307446638 7.059826305198788 0.8876161409915817
4.171459649017994 -7.1378264095455375 0.17730675533866133
-3.187808319976768 0.33904592130293504 1.329758652484807
-4.765643076080883 -6.857530093324971 0.1304691753347218
-6.459772501686021 -5.089452128635481 0.6950427041444146
-4.497557061961654 0.3561336800521294 1.3851214724993979
3.8740834007217635 7.203905306577317 1.460560753318045
0.7759793937783989 6.788559784166445 2.2349874692463976
5.381099475595312 7.514967276929223 58.91335962449495
-7.7520066320176735 -4.087208084801949 1.6964056369876293
-3.8040468643399334 1.5522154832170896 1.3884734079895606
-6.770360483062008 -1.9168580879242834 2.1354006817929156
-3.6571976938659474 -2.6973711881568394 0.9205708266318502
5.277904139031526 -5.384876670994317 1.4101995780440213
-6.129198702094919 -6.428765697912982 0.5847939835213246
-4.2128519714035875 1.7388512495575181 1.5958079092141018
-6.217269953638058 1.8243793228327219 2.0905519213396295
0.47528094198005305 -5.988070639866118 0.18951747268044458
-6.202392471515289 4.336022529295713 1.1429644206605996
5.882705928334648 6.725689917011754 28.039714530569626
4.6934260819063365 -2.9386908559920477 0.14794660499027087
5.230343108706461 4.470334939015734 1.3893015899267924
-4.4020798036235504 -3.903418797697789 1.3060018094984436
-2.6377624890796314 -7.812922094978973 0.7754281994245202
2.674306381434085 3.262399553454559 1.8002997308858502
-7.796469408320419 -3.893565112125974 2.2444259707084737
-0.06529219937426536 -5.256709464070036 1.3448152788814132
-6.372690234279363 -3.3885092410819033 46.53826032674621
3.983081115413731 0.7412763960939771 0.9189207628825579
-0.9790474241932193 -4.3510386389540745 2.105105899590113
3.3736362314745847 -5.932063026910818 1.9154653349109991
-5.507804852913585 2.9982405219137167 32.143489738907306
-0.6879920506966114 1.6410278344184903 2.855209306301654
-6.947733044654027 3.3204570019301585 1.902309794303037
-2.1665082294049265 3.9227203465408946 0.6197798553803879
6.202400953156547 2.1198014955559668 1.8564709523934593
6.830723222035035 -3.968113892804083 44.6347959933718
4.307779284861529 -4.722283905239277 1.5044942830315802
-1.2340922079653962 -7.171067457277408 0.2696976328685348
5.633542795066318 0.5258033355360205 2.4238326438371427
-2.952654721453626 5.696656053969727 1.9585730795396115
3.417969477701666 3.5647671164061543 0.36326981658223545
-2.5429623181121306 6.670494837749942 0.1943578065323435
7.651682995898913 -2.5711548721496964 8.641597657487853
3.3099176060966546 -3.84443259228222 1.4946035995042686
-0.5480774650722942 8.036641124696818 37.73689971468348
6.4322919383025425 4.809324337370624 2.00533203115213
2.2802535596633513 2.892618958607579 1.6401580861425789
7.565477889545527 -7.060487105937279 1.8853417304026492
-4.527734177289939 2.356327302240389 1.389818046083273
-3.203859469032144 1.0330848445568888 2.246424544154848
-4.971553292064323 -7.285024336752857 1.3147993989169857
-4.333964736201097 7.822390098641002 1.3753983298897552
2.994609420932321 0.7100307396012306 42.05052409862899
-6.951259120197424 2.39196059596572 1.434757754194427
-2.5066131310156434 1.173935512994012 0.05580966093925208
-2.853112030433881 -7.726009420110777 3.103015402416119
-5.34930865841453 -6.712543105653944 1.2881923344211117
-4.536131304983564 -4.627222456420027 33.320595127552835
-7.623750724684828 5.627686116755051 0.8662012523769052
4.869929685906006 3.2079903518796518 1.9421756170694835
-3.7767691455999834 3.4147997283191356 0.016822553113545507
-4.430082446086779 3.550627745028056 1.7625931177609409
-6.386874950269858 -2.742157617479254 0.30010562358134757
7.886818664193708 -6.385509269884668 1.2928017917432606
4.2304026054822055 -3.1078825199723887 63.34848231819153
-3.7799603396092825 -0.543439660159171 0.31646706871805763
0.4526285832089383 4.601093934018897 0.5449570884504584
0.7277729009560011 -7.484502570167881 2.250307406857642
-5.398301636433741 5.637489237524982 1.7267229056793607
-3.982166817116188 0.5768561140089158 1.1220048003123257
-1.6320688385066098 -2.5512434946385265 1.8779878940071428
-6.743850449006952 6.365591466125961 2.2273100697815162
-1.6949854046994637 6.974920585270364 0.23878141214901857
-5.5743839491547735 3.474928650477244 0.7542585557914803
-1.2434995193413643 1.0297476734011208 1.434904894999879
-3.051349380820413 4.000179265830852 2.0324456442551537
-5.523359286367682 1.1355919699735153 1.8014283106807731
-6.584877986927598 5.484167629074341 1.8788438722126934
-3.273256706154888 -5.999171273620652 1.1470393780868764
-4.352127347258385 -6.821947577076422 0.8160580153530651
-0.7500020485545839 5.337252543251431 1.8030731976724115
3.7073431545720275 -6.729068889511718 0.37504497147808413
-0.14076557340094348 0.6268318295281303 1.4952631807987906
5.394560793724943 3.6436890637885653 0.8580885351525113
4.274158668485441 4.675359601002047 0.8830002304551763
-0.7255217275651249 2.875039729866446 1.3140558006102059
7.241730841861405 -1.0449697905790845 0.7651101890125158
6.078129709670595 0.8494619782781592 1.9981222356097972
-1.7229663543824667 -3.3797981790870937 0.5338664978516958
5.178544113084124 1.7794569967306284 0.7719914247124339
-4.894989844922341 7.086055313953646 1.673313422764623
-5.646232554383605 -4.120488042202783 0.4477593022992347
-0.7472575497078721 -7.6742314236911735 0.23789989907592538
4.924572708344921 3.391874382247253 1.3108739583331614
-2.4265472399095214 1.5323979503189986 1.2038445868472247
4.938446873738227 5.566323582586102 38.80505707636225
