Customers 200
Coordinate X	Coordinate Y		Demand
14.32619557339953 -20.74703955399914 0.2649178648699945
-6.608361656699092 5.5171076901026215 1.9025914823152554
-14.65483191189463 3.1895703666168815 53.057536556363836
-31.71002734886061 -3.327191583211263 0.6326379693621011
-12.084185240452197 6.153785754017128 0.8637258011381138
-20.0915888532279 -7.804887198797997 0.3400962724505436
27.417593892044806 -10.729049993150843 0.630337885978616
18.73399060078395 2.3863917605728076 0.9486358385795772
0.415236748701771 20.50793865727501 0.9834553682477573
25.173617698538354 10.75145027708495 1.4958288526332677
-15.785994648149003 -6.290774096988838 1.7189125973360078
-3.2443430816013796 -24.52558049551543 2.035602561053064
18.94118753747189 -22.312240641321686 1.4375410127319543
-3.645501500279764 -10.42915988688961 1.262240694488056
-22.13746558018886 -25.234041666855667 52.33536159656319
21.455979259305472 6.520806064849153 0.09000326079765178
8.988318420640876 -15.784101290815403 1.755070710320734
-31.930012807783818 -29.494835324201194 1.3281193910585372
-12.843207008984658 -5.334040076473558 1.2354145286543394
3.36378774735776 -16.64119064752837 1.1248036156412449
-27.56693803621458 -3.74896978248764 0.4758266501402499
3.4653081336902236 27.701005320036277 1.6950369221217871
17.450507818303574 -9.370783456367437 2.070764259808958
12.040778842225635 4.897565063933269 1.0203095839543894
-0.12928409160575768 -6.918502447848143 0.3588975511249944
22.040282504583452 25.744240853572233 0.023869105073151806
-20.890001340818223 -27.369575107545643 1.3456000069155123
-25.951402429045732 6.621539367136608 2.1291451669425876
-16.76995041047757 14.076183770764045 1.9572223827240787
-20.460508084154217 21.793687225069746 41.747677137893916
14.822766993154781 -28.038327947981376 2.2651956881523505
20.940003111396642 -18.201292153567174 42.95894655914975
-13.541246366157305 26.905713164151972 0.1465862776396816
5.848612323059792 -7.958253122481131 1.6465751371923676
20.473870033635123 30.28017556923922 1.0859410847937183
-25.509214934031405 -6.27452442439 0.17275650265951847
18.991362577795066 -18.910310783723038 0.28556003220203635
18.093743666916485 9.042809732764864 2.14246838090269
1.1209394106867712 3.8329130347991205 0.2344016304150756
-3.0541530757465094 11.195229350045594 49.48666451612516
16.671707480839835 14.68305654565314 0.6591135253870264
-0.14173113916058222 0.863694248961773 0.7566824525730754
6.779550903807485 -12.469828624758543 0.3155517352936265
-7.736508273145426 -14.380071015887044 61.2853047320008
-2.0570414189221595 9.429609370349041 0.14960987683172702
13.09773891252306 25.475614497797316 2.121376898003607
2.074612274958803 -25.167863950347154 65.07860292326562
-20.747418511315924 8.87038419716494 0.2615219689755864
-23.12412780948884 7.166004098486895 0.1322397631374628
-25.060353566624446 -1.7793413185506226 0.04216615179010621
23.81345351844076 8.73687900031198 1.4294774120225002
-11.806985013475174 4.658204809308907 1.8193502635338266
-12.909115100940886 -25.307097864795185 0.805395478703195
4.0401206297763155 -1.1064396159799021 1.1589075746532023
14.929885618576469 19.197706507930477 0.4257446188107731
28.116462327879336 15.626514607271266 1.2056454911815113
-8.734091003635815 -20.71969838866457 1.094990999986547
16.835417252825113 31.89796975177631 0.7732845971037934
10.723735153654307 22.89438484161525 1.3083991477827503
28.186709106778046 23.98234427551605 31.19302529702342
30.285508631766007 -29.86495491598982 1.6483180247038878
22.09784907066211 -20.224529162719584 0.6167016812156905
1.4713464484361776 9.433734446617054 0.8060876572968406
-21.512203474249407 -18.404772002547013 0.8472640830210685
0.48074294752795277 -29.497493433457723 0.28926786986733133
-12.7446791082827 -24.584508801622572 0.301413744415684
18.5840318989731 -3.217189584124669 57.00296934599701
-19.461990813731372 17.375073366437093 1.2486447921320447
-7.620825397668652 4.477981244941712 2.0908706137120143
16.77273935506815 2.0315576610724335 1.1911183623706856
25.88501943842478 30.626500132543146 0.7141466768625355
-17.778432665573543 17.25735400761385 7.566490575569416
0.05051198272878572 -16.164064517047212 0.8032305006009308
-26.450490809785787 -23.80779086651696 1.6320833848264278
-29.939426213470227 31.08890240008954 0.3364395830129516
1.810020204506001 25.205186061237427 0.7834989980809073
-1.158849765722135 -26.69345199720168 0.9565967540135131
-8.2572653484778 24.224647909732212 2.1027290269850214
22.472192106467567 -30.378316256617968 1.45727286171649
-27.97242289692684 16.8187168251531 0.7924257339439942
-26.93184279667923 29.62756862083432 1.567435032307459
-18.009790515305163 18.57161473962232 2.0416429571983215
14.536562893689762 22.003738115834086 0.6376860550918223
8.832378631714779 -21.02867410805345 0.14333449129632228
-9.766619738948844 -31.572864311257693 30.059755713659857
28.05908520908452 15.632365265981024 1.384704671240589
30.07299927214323 21.52766569602018 1.1169788514791243
-21.6270885942304 5.790727893575898 38.81813401803591
32.07571803822679 -7.642887951124092 64.93116829936659
-30.984371923850013 17.930615839131722 1.03450353018178
-1.9026387220750138 -17.348529705862994 0.7310411151114483
3.6504390747247513 -7.444461707647916 1.0874309090082013
0.8910205720005121 23.955954083801608 1.7651212088898196
1.5681733845140167 -5.970998749282668 0.575080458188606
-8.032873205133738 -10.78916415206756 0.14869225601430025
11.861530123899765 -10.325669772279417 1.4631279454316632
-2.3197550849215807 28.50959050268058 1.7435388956010782
17.314823530825983 -4.744370481401145 0.8209568656949652
-20.410723726232654 -5.631049838325637 0.6899362553037294
28.325337325696616 25.832646879560446 55.886803522046804
3.0801114830461875 7.248262039914205 0.7076921038510238
24.538140827732743 15.187053243206858 0.49878422442241505
22.484279388855153 15.107054305174495 1.6857129348128408
26.08104437969944 11.858659131821963 0.39146456155909193
23.243299700997717 14.934962257436668 0.8521639667286132
13.015921995047457 10.31709993345535 1.424743099194203
-9.713335888914546 -19.04248827397875 1.4926615391162523
7.079978446877648 14.989408201000282 1.9527210579619405
24.74371398076967 -23.462651292410367 58.57154186039163
2.1463168663452508 -14.649066707234894 0.34623789568022345
-18.40327803679472 -22.72240177435138 57.621877596234086
25.290466179782964 -29.881887250176927 43.7893537122865
12.562465016383943 -21.092408493211757 6.739931350698157
-17.294616698467255 -17.81008475098228 67.91076556131299
2.773754732416159 14.018282056176362 0.15508891475443812
-9.218979701050625 18.937087536361304 1.4438739302307992
25.846462513459066 -24.696881159643592 0.5289813639268376
-22.45480438095646 4.794191414788207 0.37530763590016347
31.211665038747743 -4.087533056306972 0.16573897781140753
-4.919886497737896 28.566692303816623 0.8128299254962967
19.25268323682964 29.28906947059103 1.2665115198817518
-4.075605969773446 -23.51640462697933 0.05525960960355793
-19.706321231405475 -9.356676830296486 2.166291984414897
31.27173634994241 -4.425069712755527 67.94027312687516
-16.066171570472296 -28.51836357946703 0.6613167163459572
-21.968215140251825 19.358825841301122 0.26603523711012733
-15.544345758305724 -9.679270747030392 0.5274144121660608
-22.127523417080514 15.72563312397862 1.5685283289328762
18.483447245773053 -18.084319461301774 1.3009490095385536
19.384924501799407 -6.324161990526275 1.9461805193290436
6.5646909172197185 -29.062187758803404 1.4248862870531322
7.424563520181151 -19.610375985814642 1.9696505215951383
-4.215176344256403 5.88939332102833 49.05564930286484
6.05791512156049 3.078098163416398 1.326148661888274
22.90135044465537 24.4994222959687 2.252506681664173
-28.60476515124456 -2.587858470343442 2.009018084266411
16.678222793767418 31.059468654557186 0.9296445969345685
-19.599484396604137 31.03454015611005 0.20597891943907948
-18.926485479824464 16.64559452072453 0.8768819381088995
-17.72283069220441 23.65316167273229 2.0908615997535027
8.915582696782453 -29.501548507752695 0.24233658577531164
-18.039782470399714 28.145289816966873 1.7368981978027502
13.665037821419514 25.058303163493832 12.689246132734514
-28.004745764535137 28.862704420437495 0.682028464248882
-15.813966983951168 20.760022020129625 1.1355165593389946
-24.841973186562644 31.885746556352537 0.8105624571715959
-25.800270741306743 -18.505595018838186 1.6170925609314417
-3.101892356881168 14.966631804041738 1.9083513139682422
19.792713507785436 -17.831130774218195 2.227273136450949
24.652350506848588 29.107074826855023 0.6325758106923722
1.3252463860807209 30.2281101822759 1.8055908043876847
-30.327759236369204 -12.676402811460498 1.3047222501914857
-2.8322339323536996 19.724895162891286 0.6792745752440184
-21.907263207714195 -20.27744640512802 0.5534313057895939
19.06975237351898 25.74589116457392 43.46268587864366
9.093455127014773 -25.4862387086654 0.1837861076656686
30.645039014290237 -0.01055521981833487 46.401126314189696
-24.074447524736126 -30.607083227692428 0.20073233516466008
7.823456690464578 4.345949238617165 2.1708134754382824
23.579612580360592 0.09866323782024035 64.07879003596352
9.33335724284017 11.090835079617808 1.659723262801263
17.973210927424667 8.40745535144383 0.7788184190414044
-16.121974119645422 -11.888597016880121 2.0727570209797164
-23.045610716614966 -25.834662603080453 31.10411965917932
22.36878366819189 -26.29801687573215 2.128346381909225
-29.177226306653704 23.93788392933425 65.63225400222393
-22.79423140165966 -9.697083495128883 1.951220252898841
31.750005526026584 -12.542098583453507 2.1260110243453862
26.014974212162755 -15.478988543043508 0.847148380706331
-16.162951840792978 13.478044139153086 0.9147520754617826
-24.708275974890405 -3.1373487511593052 0.5076524150367967
22.871976643924597 10.303315794489999 1.4585181544576666
7.899957365783311 8.219001001768968 1.432556255479608
-5.873887685392842 5.413802878629155 1.0098158713748382
-6.0469564152625095 20.590129079683447 0.5371766709100952
31.904290307623832 -5.875390147000383 0.9735936332945468
-27.535155582302462 -19.97808629760374 2.2665501226108744
26.383900372464566 -12.342479125151936 0.41770898509523835
-14.536229572717469 2.681899872671408 1.9525619447808296
-30.0922066012619 21.485885963500717 28.6003796315813
-27.067341353637193 29.24478743954986 4.8281711714877025
-32.07224370280729 29.655275086895266 0.5414534573423344
2.4144101528046495 -19.93557947985645 1.0071644629481435
3.3639662190828994 21.86589578635465 0.19957423610331587
28.86283791197033 19.106179725973846 0.2270705959763271
9.855543538852663 -13.783921025301506 1.7769735304105714
5.755631770297293 -28.656812248417346 1.0447733470837546
-11.388085080038785 -13.420267013619776 1.6396701788772297
25.852104845359253 -20.02000303417972 1.126351586641683
-15.958117324412385 -25.92229188336371 2.0850199215718037
-7.049472428008209 -0.20242228288989111 0.05666943226364869
6.925781671980672 6.924131248713633 38.64353894907404
15.811092355139019 -12.324897915940452 0.9072229782193031
9.989538547324985 -20.321793428922817 1.1274394834918589
27.80602022072523 28.113228977045615 0.8665921327614662
-27.540860230269885 -25.38801178125181 0.6722347179040236
-15.60274902365742 -30.45409419823352 1.4862459591454056
-26.853826620726526 -17.83105963894672 0.7011994837480094
11.04901273377483 30.160114988496893 0.9154280196692878
18.961001680768717 6.663147212581665 1.4338976661614924
