Customers 200
Coordinate X	Coordinate Y		Demand
7.261131950272822 -2.79381491667524 50.50043193431647
9.983812817493526 6.667369299583452 64.87639503383205
14.803592041074854 6.154999113966012 0.5309351315482813
15.897891218779694 -15.515114908792704 1.1607409729888203
-2.2977540152912206 0.6816275142662968 0.8287344482829685
-8.232283114716497 2.1542327847500657 0.030973302558186835
-2.6219103396471746 -15.229808762013027 1.2788462828847655
7.195855459843643 -3.407572273986483 0.2265755963090429
-1.4730366973451505 -9.250626580309431 0.734283496953005
-9.281400968591626 -10.660277392951848 29.036502371804826
3.191005024345783 13.207578486214354 0.5475707514666064
6.6337442167823895 12.73550253513843 1.094271132453661
1.6706030292717933 -4.644807420792056 0.30342444206436936
-8.305750768813585 8.136934764222717 1.0745110783949154
-1.6805429052362093 14.812295019089559 0.6746360566012493
14.966397613077932 8.116501344498111 0.5951925455674963
0.8170448183872441 -13.011952408433501 1.1069759744926349
7.863691304129399 -10.798247821318494 0.5094857003296167
-13.879870940854813 14.72995834159179 1.6129611416813183
11.561672500548626 12.868758826915899 1.683381268384526
-6.9107876199520035 10.391323538360322 0.5931002461184208
1.4589776960704193 -6.927713691017625 1.8817442099713377
-15.15754387882243 -7.416477182460085 2.179262386597316
-2.072423142091266 13.799535955786755 1.2640998759065643
0.9820805575326049 -10.463170514336175 1.0794296678402875
-10.272729970996659 3.8469308990104096 22.97088894213044
1.344177440006475 1.8234637028603171 1.2865062948167147
9.178259189760833 -1.9178175689567372 14.216700258814566
1.8841357860730088 2.4401282264280026 2.079483842504154
-1.8790295453364296 1.605820430705522 0.9034865010708805
-15.184176989975837 -7.519105184637236 0.8680148564691355
12.971640695662995 -5.94350134726318 1.165892787970417
6.588882499145874 9.93047450344951 0.7306202831650657
5.566862612795486 7.800346469942428 0.13461880384126176
1.9157237304023558 -2.8453499912241735 2.241413216646244
1.6940667562258005 -3.516763812701433 1.205731625008336
13.207926753448112 -12.111676128788892 0.09658324940869638
-5.53165372910744 -9.043362722904517 1.0195933032353806
5.671399772458266 -11.78558075746587 1.9200582151922618
4.30348070966227 -14.532555983499924 2.1795394621993736
13.513459086735658 -3.7593427673767463 0.3880696283771549
-7.213324666460389 2.8421324330245348 0.07157707603089661
-13.27412882247917 1.6772137316658655 1.217208838358595
1.7376907102830863 -9.22965247636888 1.8100474493238639
3.429840829430944 7.6862649833336185 1.3391216692661785
-4.452867589040965 14.011723127855065 0.8718816712414034
8.03226435452081 -3.3263605426523415 0.8275892715196435
-12.710673928227015 -7.7049686561103785 0.3538286055262471
13.76770725098425 -4.952349332087125 1.59571998199671
7.171727236781058 12.00386410782619 1.6762523787171955
10.342625604299895 13.774383114912862 0.3356492172907844
-5.080352348343701 -5.291818812926761 0.868974294774178
-15.827229197349505 3.6610585602054146 1.3801382021481394
-4.576288354982004 -7.962462000360682 14.02241396186664
-16.051776171062656 4.532747861392887 1.2161595816741986
15.043998607727769 2.609390483726932 1.4756090341959665
11.37282790972634 -0.4100854795282475 1.6284577483692422
-1.634501124115593 -14.948973982966077 1.6239977721536647
7.774708421367674 -7.925725214194484 1.4307153087141429
7.003635910378902 8.90211401304494 0.7278079325884509
-9.976861813747474 -7.441684906707139 0.06823159562306365
14.18087704271182 10.428411044863996 1.4277869877842713
10.991147706821883 -0.5369381470735133 1.984716337693859
-7.869517773110346 12.459718824397838 2.0707196287500502
14.092575832370523 -0.9183110769775341 29.84341178513878
11.823748846196898 1.6941299831328978 0.054966471346381766
13.524649279266194 -12.75363622641083 1.737185862783721
-13.996781438384364 -15.380577859386023 1.4852482868772972
9.913745300572295 -9.364416947351996 0.45006164729078824
14.21308497012227 10.950933192688174 0.4991723725173178
-7.471781028823244 9.392211266955044 64.45440417916564
11.296296308896846 -6.281165915283035 1.3816215806356678
1.0263529815795 3.890427295662198 1.8438797476968893
12.572484204032747 0.04334279331245577 2.2691368875504754
2.4460383609586756 -7.837245872956388 0.30658478846992465
14.194044786021182 -11.221519661791518 0.6023933968136619
-9.072893003909089 10.676259654368216 1.0108212794223153
-14.49717371185963 7.025147511792877 22.592162992493517
-14.594252851214481 -11.124344472338965 1.1408717744153423
-9.854770310165186 -1.2780356530336658 0.5827713403470087
-5.190337065900429 14.387188851951656 65.22297083796704
6.694572924050519 -4.0869583417727124 0.7615623613599445
-3.8574621650013996 -6.772543633327278 0.8202259096905323
13.182696002103862 -9.257891500555859 0.011136744774562586
11.079906333272238 2.676463666448787 0.7692495448389245
6.756840068851219 -14.816336469959696 0.8374338188197766
-11.497258977610565 3.196831807918427 0.07957313111278633
-8.219730027904951 15.457220128326966 1.8304243516462184
13.113759186410967 -2.156248775090495 34.88033777077267
9.928677915401586 -11.695712607445317 1.4531263332220508
-15.707663693664493 -2.4345050152600254 1.9578609660312043
4.199221231310686 11.213328810538377 0.6712479116154659
9.537842228733187 -4.300092145080818 0.5733020676200176
-7.27975496628518 7.698767837063413 1.523394364811303
-3.1737585372305808 2.084591462285825 2.2452074758862275
6.3163006280894 -8.262808151943274 0.5280896938475201
-3.994858745766049 2.123960814802821 1.3650124191043729
-7.871972199569112 1.6815319599945606 0.7824531496229082
14.953720988916839 3.8849846984033762 1.8966192328944504
-9.806171253957249 -10.504085595564005 1.3795562285276213
7.680407293379121 -9.715547011249654 0.07037738036745625
-3.2856474494819126 1.3874600826017034 53.77308788885982
-0.7203860988884284 -12.280090134801325 1.6346962744335178
-2.0654513685677727 -3.8352240963516437 1.0102904457718165
-1.1531943839004246 -12.260111467316213 0.4657562173021403
-9.299691227473062 7.548538128722199 2.1132849782034198
3.2354471204639736 13.572800108049485 36.083860617650345
6.914698317198046 12.857344849546761 1.257637263611274
-15.843304281614925 -12.357101872307547 1.4779921967922025
6.231119270610364 5.079521420792364 57.54065408952909
-15.522440997209355 -2.331960753201738 0.9254207740174563
-7.829359158778078 0.9031709389526058 0.00641380010094692
7.003658695313465 -10.176499132387024 1.0029180207487505
6.786121370096134 15.005405337711666 0.5370082234739862
-1.3698448288961187 -14.536790687492068 0.5111944249195133
-11.08876402027088 6.761517441791432 0.4082656137284426
15.482978955032708 -5.276385612628694 0.1998393812292419
4.069359406422596 6.702869309451326 0.8338098166969385
-13.205270783478378 -0.7032569124681527 1.6528196860086959
10.314973791521533 -5.638609125146391 0.20845877473068672
16.089689961825098 -1.5368679669681211 1.193532615645355
6.044787298382938 8.417927193890048 1.2393963632170797
9.778179538712294 -8.225490916962835 1.7298028116486446
-2.3602768373564063 12.512018136931408 14.829718275769807
6.257556718233745 5.131016426180762 27.29968506342488
5.330797608513823 13.723790031150415 43.97074912455581
11.713534891735227 -14.637473204316843 1.7143681003256412
11.859807917341833 5.365854222874651 54.59548781878828
-8.485657723728808 8.021075753419032 0.32636359134213383
-8.139354036366694 -10.30570002361874 0.8097928896254528
-1.7875154415093304 -4.15018847597839 40.5085956333619
6.999371214750898 -9.861082600977303 0.7581278447300135
6.786169548824673 -11.907243549809905 0.5807608726056738
5.902201003279388 2.8863698953342873 0.5118182518895779
1.405564424893686 13.269829464052153 1.083908836728093
5.927478063554718 6.6311792741520525 1.696613681134761
-2.989992849856511 10.124140528204812 2.6019566015167457
-9.964574148677258 -3.578321545016332 1.4715579784242718
8.897831999254647 -7.999758115122219 0.09447389281573515
-13.402985868173063 15.574839454068947 2.0613142591687916
-8.422828504233182 14.221155939847367 0.044016654006322146
3.357991350564591 6.746169438074188 47.4002105767133
1.4809896574334056 -5.118100416484664 2.2232029594634635
9.810929389552921 -12.78790442866057 0.1439375307090789
9.33743437039931 -5.299081219492808 26.003658776875504
9.340455544668021 -0.6980734472875922 0.21509495733987935
-13.052120768690516 -7.53955166170629 0.4313827375730199
-6.941480514803316 3.0745578986644677 39.08337053065958
-0.06089708174804799 3.078798455832071 0.1132303354583304
-6.277301719572368 15.129334384373927 0.21133851676054985
13.915904823025981 9.368463682163238 2.1244409178708095
15.560965719864905 0.8151978985268484 0.6132362122407017
-1.4670915413159653 -8.747338118764427 0.4779422230543993
10.115599179641327 0.7553705263566146 0.35475197511393425
-11.368452557828647 -9.796044764272867 0.46670747683363445
11.891881388709775 15.045145193458222 1.184760549286081
-5.056936592286674 -6.219079353674333 2.149694205879575
8.467012170186093 13.3859486488689 0.27034644534387103
-13.226107814668124 12.5494017990498 1.9250087192750966
-3.192893352130703 -3.1507448847752983 1.2715906719778236
-15.984744341978677 -10.576648064253076 1.280119727571975
9.662425784805341 12.82375034845456 49.814667188517554
14.1835571665224 -5.821003996812811 1.3879919327140804
0.5183155041091422 0.5590061134983288 1.490612603472029
-12.07315804798911 5.215086731540838 0.4949001734036191
-1.383845256740507 -3.496772543569379 28.86487773395788
5.095602184316099 4.901458761250231 0.3611726752744639
-12.001085312644921 13.57792726382514 1.899313300613255
2.1789415910902745 -3.6359867892145354 1.6032209966116029
2.562824016894549 10.933014566527511 0.7301895433857594
9.596078180608652 8.217305197677875 1.7370096221401228
3.7238284108424735 -7.4700467630303224 20.78494157375177
10.111372974984606 0.868220710046726 0.011733594289071829
-15.599984936241956 -8.73456989694526 1.2039766018385583
7.031837874947176 14.490396540068126 0.492492442879715
10.759653095668808 -6.923365836224986 0.2174711339830202
-14.526757676298313 5.583105599815423 1.5737083666925564
-14.395026341051173 -7.736529993621747 1.6540217319219805
5.204623833140342 -14.197250275696828 1.567065895550784
-12.524410506111446 -8.932807038600822 65.92137968762378
-4.296735178036955 -9.552122753865943 1.3425311957745683
-12.358162502595176 -10.100151000320459 0.19577320322924668
-9.173424686676203 -8.61077327285197 1.162442455281178
8.28665374470768 -9.521289159639313 2.0240819795465192
3.583813629692236 6.030517728637304 7.827756836198795
-9.243961322781843 9.97977543227022 2.0492737125354403
4.825622138744538 -13.99203598974728 1.174091662973215
2.6538277477080023 15.810445548801244 1.4487330904018323
-5.087143001628555 10.802715554816974 1.7181970261914536
4.3805169866917 -11.669831571652413 2.225727353002541
4.538529674050364 -0.17491591026269512 67.75968879322916
13.106573745012016 5.025718277179453 53.21427071516455
-2.3290909910819617 -0.7717207783340763 0.22225378140728513
-2.565941040892876 -9.800504672987927 1.217375456979992
11.688230348676425 15.608901461717918 0.40380941212450705
2.7747610261492146 5.377371381694061 36.5075639331617
8.776427935807453 -13.857828032125244 1.263648477110512
-14.46038747254679 0.28965046848191084 0.3178099339470891
15.06193107995572 -0.05662263187794869 0.955071891936868
1.0085640361911656 12.285755727382112 1.1528456189059328
