Customers 200
Coordinate X	Coordinate Y		Demand
14.320428857895234 -9.832830267335158 1.7814075702670265
17.223488693100585 -15.539627562338987 0.3661490843194693
-10.276618010743169 2.921321980507962 0.3586300576031748
-22.21776951001578 27.781138566588737 1.3034086652126236
23.66913029652882 -23.99885045754179 2.184123900595664
25.242034764052935 12.665642707794342 0.9871423697111225
22.698187129202413 8.784719357979673 46.266231381799
-17.111867789193745 10.230409246872142 0.30846574028244755
19.44755757884602 21.65526819515922 25.389690282074852
18.88659917039964 4.121362001688503 0.3489058617137261
13.855539867403678 17.3607835630555 1.584435690389413
20.883510693125515 27.017615976412536 38.51153056394292
-31.720328498874533 9.491620586034 0.5713590582636543
21.349348081861702 17.185645271371687 2.25053993035163
-32.15644128649044 -30.634222458291433 1.1519845073396322
-12.873564570441223 -20.271688255374084 0.3451968875812203
-5.942147819811402 29.957370126189048 3.679915149930416
6.428561972255898 23.286545160547643 1.5708249373617913
-1.0444100727502794 -21.504158127585516 0.036339946731538265
-8.577452011069154 -12.207585710420586 0.7521841371162017
17.469088017811405 -17.723909694350212 1.296424613126998
26.201557303758044 4.309757152227728 1.2395902693271534
7.49530315158037 2.149943048691258 0.31382673183811094
-4.523286357541406 -3.3435095047936425 0.9596481768335949
24.422640856121948 -0.8264696330512906 0.022704582663818234
-22.147496581305653 13.021712783752779 1.3172558413970952
1.1366670253633713 30.411896663640995 0.3750981162060795
6.825649396517917 8.822448951602961 0.21812801203093818
29.95963135234196 -10.266844982836842 1.5069173379989844
7.448431425627209 -28.780120653779633 0.3975749186545376
-0.8881954158047825 -11.380571434391685 1.2818470269922353
24.57954042254066 4.333143220635462 14.319676230788652
27.32650917770833 6.286107291218969 2.126399645275139
-26.493712258712645 10.282295325252027 0.7234676038302918
2.0298943962319664 29.444795712059413 1.648601578381622
26.65454713803195 -30.865696735371042 0.1478964860384423
18.772994802544655 -13.074006872405969 2.0231012695084085
-1.8755003731994941 -29.919526714590504 1.1362049136419676
-4.859740984005098 23.572373627771892 0.09599911443869512
30.683098766229893 -0.8740643381209057 1.898442111427038
31.513908983243862 0.1892814213373319 1.6520037894378017
13.531835931441965 19.655371781244686 1.6124554865502785
17.226509724853717 19.251632050319866 1.0489678666053175
3.2938061800796157 -2.9000174630730298 1.746830382139564
22.29419863162005 -5.891949414293037 2.0135178215242533
9.95820736051657 -14.359585288001407 2.0814122241646156
5.449836671002895 29.194603894576236 0.053012528129775936
-28.183334123050663 24.7312777667316 0.8704581672282162
24.612879834489654 -16.945413245851572 1.7705631377856452
-12.965867497551796 -4.431129745384519 0.19850051919103187
27.692151459140497 13.863626241485475 2.2107940251839153
-15.642096618220032 -10.040272342931708 0.5427913517903806
-8.57108931496527 -3.546629590620533 0.2300030490841143
27.148291869069244 22.04954956645571 1.840887334343788
-31.020424860359867 28.962443134928137 1.2514176730103908
14.805054351564031 -10.574218779125667 1.939037250983523
9.273493590445428 14.66859273432765 5.9309482014932495
7.959994409826033 -30.658263566869962 2.1919641717427423
-8.351655597112046 -10.046257678656508 0.3826981252278355
-26.303278728717114 -13.702863562254134 1.3153516204779292
14.723020676638034 -11.372130976631563 16.29275877099945
16.233578753890814 12.647421626370564 0.16967903575581345
-1.0252635415934905 -12.9773689361682 2.24415024916339
-14.108619678657625 14.401212278407057 1.0933427444403767
11.025982098665231 -24.63101065475302 1.5206766316483435
14.585151578289148 -0.7937415295338243 1.6054956404867708
1.2949397930937603 23.9452428771642 1.0119913786621586
1.6157419179792765 -24.756110004376048 0.21371064347208704
-19.788204470285777 -28.91969085596833 0.5957447822368656
16.429992214859126 3.3404823036101736 53.091847512963106
0.5790168995424827 -14.465505151802589 0.4079203472263379
-3.8190481672716494 25.70778689479707 1.4522176748977818
-26.51521871059086 -11.188288519591945 0.38773908505454563
28.832372464738633 7.67630922932479 35.698887366397564
5.009689046499804 -5.402621245072533 2.0795359797992314
18.06842598486028 -20.727042547488814 0.007019520210202748
25.84760838725845 26.80046235217883 1.9886213484675446
-11.434042144534649 30.203931088847728 1.2339641922900335
12.631549326551289 31.86299126002296 1.4261646571216167
-11.175335961488138 6.028487874007555 2.1887049745219453
-8.485183531150476 23.972623554686116 1.7763922354765174
-18.933289179688632 21.251594519814397 18.218200044054203
-3.7424404796865693 9.795870373166279 0.36231821627994787
-4.9367196343570745 24.337718957857113 45.557264464737756
-23.95905309718007 27.92815094648958 1.4395260987694969
1.9800486055240667 13.176999113633627 0.30327793678108095
-13.806493251224007 10.612708110143206 1.6077020210369004
10.407213813685535 5.051795684849718 1.8634610269818814
-18.872614066399148 28.232732029335143 1.2188507541750966
1.6005088552642284 -24.400985137059898 0.10968978278490046
25.47222394215268 12.577959828302653 1.7667883806334022
-19.209358446273676 -2.642987211965389 17.178201382328716
17.396291219474517 2.193336751449051 0.6964061059548231
-13.104251034793275 -12.279522251503527 1.9096296179120427
29.78447570822517 -26.375882567285068 0.37642256770997545
-16.561336899812865 -27.183431034535634 1.5876741029915655
9.207083865816596 12.183056114197123 1.3373337798735152
20.180486399131915 -12.556207709877514 0.9940307072117535
-29.46405279792908 -17.385273067349583 9.977186508173064
-23.278416241060803 -29.590058273810293 0.579916841631326
-25.681273422735224 0.4595653688754471 0.15035587740375753
17.87974140737365 30.698882644635997 1.8067461906320486
26.974648802846527 -4.553067397631149 0.45200143556855027
9.929517695234093 -4.607068017679128 65.72417939940473
-4.405425980221404 21.775447487035414 38.779597847351134
25.305858789770415 -1.1835626174726297 0.7770600427060472
31.464266669686225 25.039338921641743 0.9453908627883704
23.92157987838669 26.034033926439456 2.1288783643869107
16.936698894063195 -19.639149330741485 2.238342357568807
-30.343972735745755 9.234778015426986 0.45247278060582524
-21.818158569294216 -19.466841838658308 1.6797393641306277
-17.052101250362018 31.666519451295652 1.9114826179171571
10.626622544934301 -2.18069756539027 2.4519370573972767
17.771106513136697 16.756990794743864 2.2243054559981443
18.082681384315467 24.75241944162079 1.7518874091770171
-16.411228947936536 -30.130668308168914 2.058179235709996
-31.104487351147 27.900799522908997 0.5711596390398193
25.872379364863534 -10.605855964534449 0.17818722666547576
-27.6806323293865 1.5136512532251452 1.5936625803696325
-13.244735086507726 -11.91503648295072 0.7786256496931415
9.40575694832701 -26.559460826099915 1.8206658542420933
-19.697818754095735 -17.129851144751452 2.2412514080912946
5.645735729456862 24.932205307279375 1.0418008824705713
-22.57669764214016 25.002314736649463 2.1364762522276908
-16.90679689476187 15.781337730162827 0.9635813357884501
-19.141222354158355 17.227575846232213 1.5138864073786262
-18.58391016802434 9.830530970475948 36.161947369458346
4.924219517889845 2.6190923390204803 0.7322570592138823
-31.594105398963944 30.13895335053491 39.50638723477266
-7.966333617572984 -19.15737059331952 0.08922629466934369
-23.430616652916672 -22.099445949415074 1.644855691525528
7.231206276209611 -2.566975352220825 0.3709730530856278
10.408428918883327 -14.06376764557889 2.1254399639471533
-26.29797964999535 -19.721305687508643 0.09904229279458333
-6.8012936740323084 13.079340267786781 0.7029976417752133
30.792311281745025 -27.667538612599824 2.0344219308664817
-26.20231494203978 12.443986247199218 0.18281859701146902
-27.16317260604826 9.437659804414807 1.3410580795795957
-6.753127749009282 27.072474587250834 0.4074631275021696
-23.135718401669944 2.6058705451214434 1.0729781636707614
-7.366846526160034 -31.205778990292494 0.903150206471372
15.31233258697498 0.176070303795159 1.5597083255341377
31.019947306350304 10.949610033755622 1.2732301028208168
0.8880058101081437 -1.7230426950337658 0.8343496719116431
3.9984600031236486 31.14905131336611 2.095929878727336
23.104934753691428 29.077933644021897 1.9414468652991619
0.7155120984443446 -31.85979530639518 1.7730104688375978
-12.25153207782676 -15.0675630996906 1.0709823965262133
7.1250131733891235 11.756852754842619 0.9031333227096332
-17.80028213276502 4.4597082565546895 1.6755926154458782
-3.2410502650281843 11.632628198584912 0.9099890164469344
1.9451219843905572 9.622959130997897 1.8450078889461998
-14.189309706381518 17.03289613862036 2.1433582151862387
7.146904223978174 24.522026913413068 1.2478089002115622
31.65943498693023 13.825940234193615 2.0982332691989396
6.768042162556558 25.89284296204049 1.3792837517463301
-23.063199784766894 30.648496901379435 1.6622902646817668
12.586337694060662 22.612329975921938 1.5821943685190583
-19.568623620062787 -0.051120510846101495 2.191278364983614
-20.97935222272385 -16.753210642561147 0.030640953751583433
-4.5986197784922505 -1.214228619500592 0.9045903315178274
-10.466731105847709 19.26047040370275 0.5281702408502361
-23.110513916845118 29.7577588737359 1.6635135030013255
0.8595848935419725 24.492950095169842 1.1835809844660319
-23.59677151577091 -0.8714146533566143 0.6654701002251937
17.379669332659773 -16.805977485542094 1.1895518050441112
6.5291427275383676 -14.057304024416496 0.5550778690019673
-25.30394767365053 -13.709685326810236 0.14420926904887602
24.758602159658572 10.786471298951287 1.3789405855467711
-20.575779093419108 -22.742233659024006 2.9955441487439307
15.654142980930844 9.540425947373688 2.183273197362703
23.3256326860888 -26.82114872189767 0.11960179244329436
-26.54270319279752 25.449777065070815 0.7646109701017214
-20.27576946617287 -22.313358505607233 0.4439013526636009
-10.425136825248547 5.196578265174365 1.3048192370776264
-1.8704948936396233 -22.681051133300745 0.9147510294896096
21.736496099485816 16.97282220455369 2.85313962653595
12.859897259462507 -21.717132008520927 1.1205093681650022
32.063726809798396 -13.444201347752788 0.8155343111246333
-5.6270456216266656 -7.6502516301736785 1.6015733150359739
-25.717345633941274 -5.306754282910248 2.087892733741759
13.151706415898454 25.441576588184528 2.0890887073079862
27.638531706082606 6.491438854643307 53.896254171958425
-25.424731517525945 9.815664601559844 1.9226916190954513
10.567474224725624 -20.446874608918662 0.7099855757828337
-6.350938946776296 23.090541425108473 0.1914783055835483
13.214439194801592 26.23043143812444 48.59673103738259
12.734360056088464 -5.278277913072463 1.6955792091040187
-9.061867893831275 -0.4174763391634081 0.7851262770776402
-14.791805331972375 -16.53152276111141 1.6372203547204995
3.8362933619060633 13.055335314608605 54.72150165351239
-31.508411271036408 1.1521139209895 1.550553061872958
-29.02717043800499 8.184805104103193 1.8104492973716813
0.9675564061396257 -16.556301929607674 2.141800490770352
12.789534803975721 -23.09842123988978 2.2235907069618235
-24.727415482908484 9.52253742419499 33.09420065818585
25.075696158933493 14.905664285196021 1.6442453626829154
-5.966229965968871 -12.692504257393017 1.2668753371864254
-23.592237482799575 -21.96317547098939 0.11076764033434917
-27.874295590017702 -31.730486211656952 1.2877213217141812
