Customers 200
Coordinate X	Coordinate Y		Demand
14.291596239617519 -19.63553807855259 0.5057538324344726
7.635217564367702 7.924216175453004 1.3445783360868235
11.614450535770354 1.580082927694711 1.2333280351302272
25.243516806477036 -9.798494521386388 2.117169978033425
9.314433736896511 18.359249443907427 28.800701758580477
-5.584884271811554 -13.7292296777315 0.5565884534541076
-0.898852440472169 -22.393951967880213 0.2602292631778274
-3.219875902107097 -14.92326619936249 1.334445867724445
-14.138357311188955 27.391913966092698 0.5254675574791619
-12.548491551806364 -29.029084171512608 1.272762290336138
-31.058070432564243 6.871049944789677 1.0066554842385167
12.775262444491336 27.23856025453995 1.4194599934176504
-27.532867721362834 -24.610351358700015 1.635901309819817
17.57607407408152 26.512151062678136 1.8429674119358164
-17.877561736485898 6.73863358452975 1.9544844191398087
8.599996280825287 -25.48664561195291 0.15457866137325535
-16.22071902207278 1.1696900889426036 0.39324973102087035
5.100158750185842 29.698407584291868 0.9330528390466246
-6.424185391578403 26.392766820635824 1.8557764813813815
-3.9098860069848924 9.960439934362126 1.9519651159232494
-14.845822671302454 -23.224846375931765 1.1667510778929064
11.135283154097095 16.101034394697415 25.11707530964556
22.09303885872058 -4.620179629796377 1.554288241450634
-22.969852356376602 19.824875733084262 47.108117750224885
18.43474271702913 29.633694440932953 1.2568413605055204
14.408647989248871 13.78283435314306 1.4462719757718887
-17.477505388266028 -2.5495416026944766 0.8209001266227682
-22.41037243490764 19.82699879242229 0.5192458440093776
6.112500166439606 -3.2344649138661743 62.09733208690752
18.24560993377811 -24.154121007270263 1.572306561138888
-15.069247460602554 7.534452092800518 1.8488317408741353
-21.59653685871439 -11.742196071376247 33.14700820930473
-25.82975022523215 31.935598885797717 1.098754059838539
4.915945791669005 -27.262481476838378 1.8116945581629031
-25.816224750027537 25.26790122237929 1.9202505228082278
29.978320376080024 -25.07404116800757 1.932547428464248
17.681158804023916 16.107510765691778 0.627415765859496
27.025797507733053 -31.60992607363605 1.9912707589254128
29.610615124048042 -6.477840529632928 0.48192785823081313
6.248078935355677 3.153227221046595 48.277075256299355
-23.022601586248474 -7.905831322510394 43.77666261721353
17.525904569748228 -15.13376247582829 1.3508037832369406
5.087544789328639 -15.262344574288084 1.3859418712321698
-5.928385390770267 -9.873513535978073 0.10373338277380133
15.302877925087278 -18.12598333750343 1.9562223925366908
-5.739445603297015 -20.41430421699502 0.40732131122491044
22.32595481424826 -20.86185784005059 1.0512865953040968
-0.9891493039930435 -24.711770548460002 1.3645236087584105
5.802872298919468 -8.754977089812593 1.0350776124758119
-16.8671990706761 -17.69007571652909 1.4432104519885407
-17.28811979660458 -24.87639947113456 0.6836411215218124
29.556104398811904 -19.15890098186611 0.9945202632029685
13.119038655669035 -23.491810138234825 1.0773024782889276
13.94162710629005 9.081970682414916 67.66408008346558
-3.276938214285353 13.412360514453816 1.6585759640735158
12.621777347718828 -12.830361874135251 66.68832566835798
-29.436107276123483 -1.5112287729799536 0.09492423787130813
27.95663923558688 -21.570628241613743 0.9591801755688084
25.01891160829994 18.371810679228506 1.1130861720304481
23.115579216075744 -9.007624669592545 0.017398584523473568
1.2843389825106222 16.71822872015972 1.4437994996260366
-13.087771870721916 -16.114104428178717 1.7852473653542997
-13.508308695522908 3.7146351091493153 1.9280523493376496
22.909303136276403 -14.690145357578807 1.091662346963356
-0.621579267917025 -0.29859772047326216 0.6624578013150212
22.486782133417062 -10.58742133211501 2.025822438423861
-20.77675594008404 31.009888061339858 2.1923370680146155
-21.743110586492406 22.08301122307071 0.9096783091876699
-16.25133887412764 -2.786772319762317 0.7603623423297026
14.716252676838893 9.885107434786438 0.7742798388356054
2.796528042106083 17.569511304200077 0.17071951044302489
1.604111446506514 3.586193249200758 1.9111059242401731
-30.596349299457767 13.690587630709276 1.9026613917178201
-16.622113081126823 -28.02446357676002 0.9539954798610774
-13.366010816674994 5.261040529117156 15.22033590169696
-29.38706990958719 7.106854408880013 0.5441944072958051
32.13237915216137 -27.59876877864994 2.1619148706316733
-27.31792996179399 -4.2734130155746906 17.95340750311105
27.80209350848237 21.200728843227562 0.9881631922485175
8.436338715705391 16.45110503676736 1.2337054540975938
19.374356633468366 -4.3020950613484805 1.521301973898657
-23.55077962387465 -29.722269456956518 0.07149978985200708
-30.763697346568183 13.130293578314813 66.01981835533024
-9.40844904622881 -6.325358590321478 1.8645377245919255
-30.547462766067508 3.564428194469667 48.83732428429525
0.3323875062093117 0.9001635556778055 0.497771134296631
24.291087968914884 20.41168018075841 43.91611834276574
-22.542552228247246 1.35713176348749 1.8056924831463301
-16.11923938574771 14.489547135412439 0.5345202951565666
-28.59636533067702 21.43604806349447 1.4413901061649657
-30.774742736708863 -30.910873460112864 0.04174468981624554
-4.7608279697533495 21.364389103422333 0.757191513445503
-28.824878420886805 22.12777104893004 0.983601673999666
-22.09260737586706 20.551617359660874 1.0169948260830053
25.74993739728839 24.438046315871137 14.052722700597755
-29.928151059132208 17.275280735695745 2.2572581335927264
2.4675186195074947 -5.075855828220162 0.9286941785232097
-29.86496021858216 12.758365188496905 0.6571177469405058
-10.356941034142517 -11.782627293981724 0.2065650123322078
-23.802140237872752 15.165215000092234 1.549292600279293
23.633079170626413 30.88984297292543 1.597971007187089
-15.412259531396906 -20.489488429730788 1.4842556481031768
-14.947262208709054 25.893846006828177 1.4378491732897236
-6.454353808605069 -22.561945683672125 1.0414889728973866
-13.901541101023486 -8.395892120433494 0.8370831293383965
22.38178372262901 5.686882709399916 0.7478776601856312
-20.142760537309925 -12.046559344793181 1.5956404593972702
-20.61793680104323 16.883403512879056 0.11026287713623915
-22.098370784006537 -0.5216385631532926 7.066203187423641
0.32586021304296375 -0.0935106973133878 2.1376860938313067
25.481201645939635 -3.189042160192926 0.23580711771301804
28.73010063966927 17.539756795633583 1.737336856284062
0.9474159431487852 28.00409995144849 1.9422298174243915
-0.021558388087303534 -3.528915313600542 1.575855101323608
30.253558480787145 14.049345409599178 1.5319007816394388
12.001281939902594 -17.974408490063812 0.5381427119696693
6.009563325822658 -30.979592268109172 0.3233142819382077
10.01325521623219 -23.23233477963528 1.814539082739651
-0.2733201293014803 29.51957184164196 1.1903513296734658
9.50477909191181 -21.202405213006333 0.7444964978406966
24.54488454657011 16.066692486664188 0.4786964638094132
30.938632528074013 14.802910510925273 1.2793400927126322
3.6585043707436284 3.2553340766711485 1.9762874692479853
30.049932397446984 -20.982045894056927 0.36234521608202674
-21.109926393941052 -20.215195721687877 1.6653440273004054
-5.006266097641209 6.571323952400088 0.5615163733044517
30.592030661113927 -21.36797756426106 0.40755835230044635
11.435414192741616 1.4601464957422396 1.9200354502186472
-24.486823826430022 13.760279328205892 37.40296664832177
-15.975103255191147 -18.949651688798188 0.04055515610121241
19.71412837413273 12.714264056770347 1.1486101521833936
6.2644152601330445 18.276268774992044 1.149438039913425
19.152692356850665 14.91794656214124 1.2479256020966933
5.04383032920052 -4.970809738352726 0.06513360452423826
-26.567000022933343 20.352689167633397 0.7796857210783054
5.9088944059367465 -24.31841452766286 0.53608043502399
16.890037338167986 -16.2596667488344 57.51903571074109
-0.6078488570500028 30.20077708669479 60.080194948584776
-10.260098135689619 14.83311300139479 2.2172956357940987
14.173609765708811 26.11693874404233 1.8652785904991638
-24.40523360011628 24.64682476003343 1.2622682115785924
-11.048372126151522 -10.922504384332061 1.6607732411964076
-10.953029105970808 4.779903425820811 1.0874773266866555
16.604243683324544 -25.904259231633787 0.7054348251694659
-25.686924102258494 18.720435861060988 0.8576607110368991
5.3444344549618235 15.038871960100085 1.9173117015473045
4.546905337956 30.116722296576036 1.3610339092750934
6.374032195176619 27.882740463160196 1.135042321085844
8.16027054216378 30.94924848165917 2.2391096639803303
27.43159275067941 9.970393486565476 24.921711166262195
-26.07253352057268 -16.971026516088898 1.7816995516813785
-29.811747115591817 -7.62774827897881 2.1074967471077444
-6.600934331983272 3.5729038949970353 2.2103636108333853
23.67022234168378 -8.975653208587865 0.2289676338722789
30.23408901323022 18.599944623048355 2.0560137082599885
-4.859027455953355 25.293206519351035 1.1194980724193395
30.264404301459905 -9.177524411119238 0.013546333443868285
2.7689885842634934 31.214356953237512 0.2135737849900083
-27.781504213455854 -22.036470217406215 39.266594902314566
13.72085704714755 27.734944751750778 3.871548413409004
-9.88474776288564 1.6342090479323301 63.92367092891277
-23.918923190697125 9.151785664997359 0.6521587966259869
6.320545178668829 -19.5054978362089 0.5749626205540576
-8.361958974160894 18.63597550490887 0.14157054404927633
4.070487768196176 -2.4859273784540425 30.822841304307463
-7.330890552285284 -27.404005519167594 34.18556310883764
24.398494332772295 28.515350451414132 1.4502404336935444
11.295090164939026 -19.54762000283764 1.8499663409251272
18.476739019406324 13.366248590437758 0.4812213468879251
21.733845602694007 -10.72233881293438 0.04125783564180934
24.344964474743513 8.55554327701377 1.691732625221547
25.59391577464115 -19.32219034459223 0.4646267728169103
-5.634727904189212 -17.143861659176196 2.078804238028495
-27.91142028856057 32.1721184101859 2.242823303740214
32.057718247089966 -7.397418685102344 0.13731817434205532
22.37685814079931 22.038160098222342 1.0873230556336904
10.599708752964544 8.606086633828381 0.2580704841704985
9.613637857477103 -4.216639303097157 1.1881916232884426
7.568469681621463 -29.700946490629963 0.7183333053444637
-12.04875784571917 -24.583416720814323 1.8655065536706221
-18.9673612799991 15.056819023276784 0.5583865667956974
-18.223580112841532 4.373090809337273 1.68158533155129
25.011621390959956 9.879008608654537 0.41471786682360945
23.753056921698498 13.938270596073377 0.024425497867437192
-16.535589007716744 -25.090861487162332 61.36658984216371
-23.00958657870219 14.341574636402125 5.626338864887875
-13.865287519651984 -21.202147251435328 1.0229247770838266
4.599065736724688 -28.942089532604573 0.8004465878223538
9.489551287947405 -31.152359986350522 2.229008102154164
-8.960244410528535 30.422326687125164 1.0706500831149806
-6.1086396070101605 14.970358505882194 43.97370536991598
-30.558095986121806 -27.707971758387366 2.246224090749739
4.276550800056096 -18.014199795678586 1.688316087413035
20.231406659456617 2.271159403943143 13.248529307768347
2.080864842496828 -21.661629446835374 0.06070570031439395
-10.660188868370168 -9.045995589327271 33.022570162905154
-29.027120805843325 -15.790580419924995 1.1756263901300537
-30.275762855205503 13.000278405838165 0.6729764473041216
-3.6772124026467004 -25.084594483127226 1.6412420498498765
-4.555745780924875 -30.57737812906893 0.9700290754825267
