Customers 200
Coordinate X	Coordinate Y		Demand
7.275548259411679 2.1075394685553652 59.31949333482437
14.777948381859968 -5.06455304893443 21.83363468158109
3.8580582474399803 6.825618160750753 0.9216725071512125
-7.832752419088604 3.2747011555729686 39.59207193885863
4.87959426452493 11.689457563541687 0.8375885013339124
7.18117688283764 15.351668977512992 2.1991910142396294
9.176608965568231 0.35952786016069205 0.09969246104447405
0.24985951630032083 9.169265449130837 1.8367069820966553
15.319921227294222 -12.118949945398052 0.3391779856214552
6.4361453517551475 5.914945693648712 1.6219547185907122
-6.539069825670256 -13.734434704652733 1.11034777635448
10.68786786147759 12.625029916452835 1.2342772454320197
-0.4231273594840564 12.406178551574955 0.09053886892170367
-6.4191142445453755 3.4736818685694963 1.5717902175030838
-8.819983159860364 -3.874132522699145 16.87717424433575
4.229617187444673 10.723979063543753 29.229478936541266
5.95632993989605 1.3818876101897175 0.6545782900261513
8.527893394786316 -14.004179512812488 0.182514294256319
-11.189983281440753 -9.21850509176266 0.472708779700913
9.227889498506494 1.7847455249026611 2.221318396426986
9.246667724604928 13.141791399529213 0.9686059765887425
8.99211477090089 -12.823352312252473 1.5236579843335132
9.730467787985578 -4.031415843216267 0.1245252614656657
7.150860336948223 2.215342857225919 14.358291558716441
3.9760291474571274 6.493627448671705 2.1201448747936045
3.6360782233479703 3.4663701143152714 0.9956312405113324
10.651263646821175 -13.882697163971951 5.942844271318029
-8.39060989452639 -7.4200924893664 51.83953777942408
13.807701379024184 -1.076061328435447 1.8413198747446906
-7.277619279033766 -0.707179392549162 0.373320883814633
-8.093651447198836 15.210264011010437 9.571237095902694
3.872799815912401 2.0941678191207833 27.89762486572826
0.9801326802380036 -2.894271293839865 2.0374252629476572
-10.137965932773449 -5.614145129012371 1.2094307163882407
15.838783783153993 -0.7569022667622209 0.6705642841978207
0.032180616823644086 -6.412592076005056 35.92792097502197
13.753844752708478 5.484445531784121 0.6714849563241451
12.204577330426286 -8.19816208413797 1.8193768462876203
-11.56377876119019 3.239527280480314 0.09150452239736794
-15.665888895278734 15.64067823691633 14.292123038382243
8.594833891859937 0.2882140841690066 0.03418626905644071
-9.210358505991636 -11.950180438438977 1.49132063551517
-7.2046468343385195 -13.252677956030158 1.5457121478817901
6.348786016086141 -5.74290443991636 0.7975918499059806
6.92550118269733 13.803281944938812 1.56025030245013
3.3959593724877166 -15.147797407648126 0.8837979365189612
-0.40579471710186993 -10.485010154960815 0.07829835503162613
5.87911414186606 -15.17032401889269 61.046349156893505
-9.01416898123066 -9.047566930484727 0.0958676495582203
9.12239302334321 -13.553543386223414 1.510315968553376
0.6458812321724323 0.9575159712228846 21.645097445936578
4.507427143140327 -0.7325044934595583 0.25235856613660906
5.514587296955229 13.633648834012563 1.5484679666022652
2.027044026407589 -1.4786730379621706 2.1684851668235625
2.26336098552197 12.307788692008161 0.7642028023924595
-16.051241931105857 3.737461551609834 0.6513385969310284
-1.459252136611095 7.6798252741255535 0.9857175168368753
-11.632824016617905 12.694088354405812 1.0780751111586253
-8.910574701716433 10.05212156610678 2.1930348764491057
14.481086458360585 6.554494087092265 1.3728901373189655
-3.257520487061879 10.700015244897223 0.3495489654708434
-3.3453276449818197 -7.377705927861365 1.9801380982198826
-14.954209236591522 -8.88294064935416 1.5784696237369886
5.808401299044531 -5.181481877987345 1.7078851838407914
-12.270523963960239 -13.084518023739298 0.8647828688688851
7.872933568632941 6.590969404801604 2.268657370136644
-7.626382374523018 15.900921181501337 0.5300852567759302
-2.317354226904748 -6.613258473109402 0.48789734635050697
8.145312022871337 9.756004264166888 1.7991721689038496
15.069954739132388 7.678621106721925 1.3427018532065762
-8.580537079726936 -6.625296961046287 0.5108847691673427
8.584716502007765 4.779631387137014 1.080675289371485
3.0669192352567314 -8.549010779488414 0.6384884810604978
3.112846976965475 -14.293150803645137 0.26593217034964395
11.633888772167962 -13.169076760051226 0.2804270136417544
5.7349127332449195 7.048411860024069 1.979424438494929
-12.21527790673866 5.68899474016071 59.184335159469114
-6.555229323608073 -7.923060915617808 1.397372459866166
10.0073540985762 -5.793213263941268 63.19133805935464
12.526271871616167 -6.48934423441357 59.19176965634018
13.066773811033922 -3.662331360409166 3.7063071147082525
9.003318625765413 -10.786905873765368 0.19249090190568022
9.653166268439406 -8.43975523590154 9.719184933460488
15.418561187661618 6.073646793911547 0.6609554601320917
14.374110688094067 14.858324562836852 0.40546348168527463
7.580670618508593 -8.677919170603671 1.1529098458707439
1.6408304123199922 -1.7026542273891705 1.0990784877263524
8.255153472683329 -14.882327910991924 0.9779430589714238
11.737071366463363 4.715343192248973 0.20682219816744926
-7.1597645120059035 -2.4273496873443876 1.8802949773872513
12.41582012538816 -12.876968850674153 0.9281029680947095
-3.0250444865713675 -0.7903593471554826 1.7340144046211567
0.46154752853573094 -14.267309293821311 0.8449430325914854
-2.7855763161263973 -8.716801968518789 59.55707144173733
-1.1564893817621948 8.864507500329609 1.6105851743319606
12.999707707749078 1.6947159629410384 0.03957530494115272
-0.6250761226114957 10.753416786011464 1.0810819890350956
-15.036129370333958 -10.975754009570762 0.9778682733037025
5.40016462740167 1.0836618117194523 30.91058054080773
-9.544309255551276 -0.6948417528933832 1.579729021339537
15.210110517076414 7.256195145969132 1.657827307059731
13.360353019903362 -5.205234380214907 0.5365190609547339
-11.946310593110638 4.683332683347124 62.09822396641115
6.126484862973695 5.142214257022967 2.138038813452381
3.5948626968787254 2.825558336418244 1.4554678162135488
-7.8376541735242435 4.11331546528592 2.237687048816169
-3.1479192760379506 -0.07113027911117147 0.10628790091763042
-3.0024233430869947 -14.754219464051157 0.9291279577948511
3.6742305574199428 10.271022743898358 2.244744723844852
-9.103797203784 9.743666256784442 0.044524648879452636
-6.985240625204392 -10.470860592434425 1.5131213336423575
1.4664203758281589 7.9665522667836415 0.8879645576617858
11.843262955450001 6.917982588815483 2.174571412142089
15.682453820708131 -7.038521608116136 0.5536676813627344
-7.455282897510069 -9.18525319185937 1.3539803550423188
6.891860056187668 0.6833875327388769 1.7993909629174574
-3.074046383452124 -8.023069717119606 1.2249103385281515
11.99892100111638 13.016109196623628 0.47226922082749573
5.277952636857221 -14.706216727054672 1.5138017183956933
-1.0597828180663444 -0.9949257193623623 42.86311249269189
8.520125683081659 9.336935376649821 1.6156091853427827
12.913441177676178 -7.548454113570208 0.6812881243529172
10.771795697690797 2.612944218719391 2.030055893633879
3.5132881428500222 3.3173179726627113 1.029303861008838
8.359121467823334 -9.057597327515772 2.181630946517829
-1.7366809993666372 -13.134964021933527 1.1750860455240626
-12.874435043212017 0.961781063051663 1.8035979424211843
8.604210100294056 5.945326664891882 1.6828701427583785
-12.03929803037388 -15.97646723541646 53.698893545931
-4.134969217557612 -10.409559475879407 57.74358258911364
8.826991565344084 10.629836520928905 0.08919542926840764
7.48276672278918 11.904175335416271 1.2347893269873262
2.4140373502191146 5.78877934633003 0.06546984301889787
-9.768703506696667 -4.488878558865559 0.0037187811112133684
11.288417119722315 9.633155493750737 18.35717176513186
-13.81769349854114 4.956617231683572 0.33740944568102244
7.65071053041772 -7.710912973778378 1.3106588191176776
8.94464493606739 -13.95988018615633 2.005412337780461
10.651317192594812 -1.8800773221941998 0.7611937838899955
0.12923052775945076 3.8193058342303936 0.9908689739415084
0.09636503274493644 -13.705145935315596 1.9495377732424854
-15.648536772494044 12.295457261759685 0.04833074391158637
-9.719402136406037 -2.033247112517258 1.016353805345692
1.9528099733228326 -0.697296160360556 1.8798794561758985
-8.006753576909624 0.9152260270378657 5.453011335409866
-13.966174785589065 6.3214578742952 1.1269851033520268
-14.967817388446345 -6.340930463191898 2.2525530474484796
15.932617348694997 13.786286117239074 1.8524691396307562
-0.5785257661353759 -6.517399887198089 0.9573050394180846
3.2936408387054126 12.373991769368534 13.190124164163203
-6.855234508445544 -8.516588960499863 0.7332901770250853
-0.7474787709001313 9.440551603515202 2.074690757991749
-5.2612801877588655 -2.0173415173308786 0.8714623203283298
1.8539401207885213 -14.682669892264803 1.1151246087894104
-10.655779570978648 -12.18304647907835 1.032823170897712
-14.481464281657153 15.344962455559168 0.07586398680789759
0.46614088497804157 13.69393130257501 1.989020347318285
13.375686725084682 9.084935160211113 6.977294532966649
-9.119667038349705 -8.644803347670146 18.261247217290244
11.643881533311712 6.792058377312518 0.2306402258114029
-13.341680829403865 -12.000867377591428 0.4755014445582933
-15.798358652391837 -14.308787282192748 2.2148643015852576
-0.531971901612687 -13.376255641840416 0.584733425749225
5.129087917582464 3.4874934086288163 0.08789810685753656
6.280091830405463 6.0223430940895515 1.6052563434939024
10.971435165353915 1.802241952865254 2.0146344012160053
-3.8390740979227513 15.802012002956804 2.2508775039842708
1.8862762476821926 -15.689985877783043 1.808783862665294
5.3198731612164005 -4.925875914579659 15.333095015562867
13.594891189216105 4.923067623104584 0.306713442726976
5.25066791332421 8.709746532857839 0.7444701945796556
2.5896868665662955 -11.219525951683039 2.108019354830053
-0.34261514894143963 -10.021839927829769 0.8825920286257418
-11.782159525048108 -3.7904288344637145 0.07598221219615145
-14.20958966122208 -11.399485464415408 0.22225475132775663
-1.3640239011725512 2.9039085480134696 0.6458821578306585
-8.958364482659563 9.766473385178076 0.7639048332023622
-12.771897119680357 15.700103174044484 23.948461651280326
-14.734627123149306 -6.068877704258237 41.599157608021386
-9.313554873687078 -0.466224493280506 0.3479493459715549
-7.671726875386155 12.452970593040543 1.8816837624519074
3.329480761774814 0.434091889103171 1.8608852675127225
-7.859969049492991 -10.304558149857579 1.9573631499714559
15.884639525095452 -11.582592156896078 64.98787580546093
-15.051535233708465 8.352511647381027 22.105120785702766
-0.914637027197006 14.354258826623388 1.749859769039589
-13.821394504028675 9.724253834654494 1.0818951931855747
6.721474427768001 -4.544528641432701 1.4811827518783214
-14.362852592517893 -6.016722621589463 2.269830904604824
1.4647365259697804 -2.9598758161488163 1.3525647093634894
9.510995678886585 -1.1324279855213741 0.09559243304871066
12.631416102554718 -12.731118403510228 0.6062164902169339
13.20592791026561 12.327781191934923 1.5505549839511674
-12.19786616755137 12.972644660236663 0.20071438515572762
-15.144315150206017 14.89050604481261 13.351178012077721
-4.2588522811199425 14.661637408833307 1.9589757539297028
3.6409564181958545 1.4902948000571505 1.261545711278878
-2.3056210279284723 -12.556739903889902 1.482670516365146
5.1044185398792825 1.5040868741909668 0.7222383857343271
-10.650711347977133 11.709201686088106 42.130599651339345
