Customers 200
Coordinate X	Coordinate Y		Demand
7.269781543907384 13.021749714463125 0.14659471753593398
6.422917772415878 6.065592178245856 1.9268179163942405
8.236271668969554 6.557370733885607 47.07717068525185
1.6595049401343374 2.1961503461291896 0.027196988663660052
8.446030760749714 13.72370135198278 0.8593022553407311
-11.858959499881523 3.6353188841053288 2.0163337372724364
4.457201243482069 -12.313582788708795 1.781904586923689
-3.409117914433596 -15.173597544191717 0.24550390552644857
2.1653620574384744 -10.97162040751385 0.7824326929093463
0.14912682361644086 -0.7151440206133995 0.19465608086483577
-9.084415789739461 9.917122955391608 14.34382167360496
2.6288421158263797 -0.2055326523754183 0.44720752959317783
13.28911660416953 12.023160258552526 1.7180765930477766
-13.611144662403905 -1.0983929731692141 1.1046037679904253
13.347921133838051 -9.274313314134908 0.6658772745196749
2.0869533576979786 -16.06851573630137 0.9535127340369656
-8.974136300556227 14.936479506816053 62.89669804380416
14.699588654447927 6.590320971936355 26.450599063249545
0.6088136547936245 6.798256377503495 1.2984006647348088
-2.7133493006766574 6.218350941632336 8.953158516880142
-10.09106622136909 -0.833147553089588 1.4442897248767528
-0.45851605903129844 -4.0277204800610225 0.32337453145035466
-0.22473735835951497 7.489311141464322 0.8868604572541021
-9.413205342440707 -6.025731711500991 0.8410347091798351
-3.6589263844370588 12.585660263468556 0.4631236138801181
-8.364820862541126 -9.256157475882295 34.081237802546944
0.49105345186842525 11.711895086836584 0.21784950622049534
-7.800438068962747 -5.219182904900045 0.4325386435590156
-3.836476858156287 6.767790877207442 1.527915611500809
-11.55555976925234 13.092772728601467 0.931656380773721
8.382266623463495 -0.31885947539987436 1.3996122635256163
7.512336167812637 -7.558276327054688 1.1872897201698704
9.661008703725528 8.67300283322713 2.0912717920647603
-10.293410514545878 12.626403318720797 1.2263638905707817
-2.6051923338710425 -1.5922811646982455 2.023255568746579
-12.177816831491116 1.1831151333920147 47.10901142553018
13.535477457079953 11.320748963479295 0.7156423225926539
-7.764667189311582 -14.973618531493342 0.5118935506433886
14.642420364496063 -9.207892126546916 1.39423052634229
-14.11551705330233 3.571384548749828 2.0131789766097343
-8.749844126114157 -14.205560560524919 37.54544361591466
4.463207125745241 6.8414966142220495 25.530461725322994
3.2423129459514866 -13.71809728095175 0.42459424888540004
-14.807780010310706 5.737148153653878 1.0526012292183224
-0.9101392463823603 -1.518276360081379 0.5334163933069624
0.25642877972499845 9.390762806553154 1.6996987127609475
2.9694291993203317 11.690577689962579 1.2812248737479308
-1.5568009902467923 0.6905700302958564 1.5709543171298277
6.53595770350406 -0.9721042748231936 49.39394790645034
-10.970001387206029 15.981547227698918 1.015656632241261
4.5245791728721745 6.0842627327745 1.5281640931622396
0.67231553839547 -15.430982125322064 0.5366243170517911
9.852612603308957 3.2072366285653264 1.5083395829448796
-7.051665213921381 -10.509564814770332 0.07787016458178037
-11.500069973036256 -10.11435564023795 0.30982189552799905
2.8242300925788397 9.723609124456672 13.282381026384042
-15.638548022151742 10.881237356361538 56.04325391509157
11.678633620004907 14.511615515381434 0.6443269607299369
4.20091454751721 9.298358566213144 0.31276278961755
-7.822022336378351 1.0561657697002025 1.5741142553357883
13.366871078188263 -2.994040815744521 2.1781932209018326
-9.20959748213123 -6.692635138771221 0.12336001283838441
14.73606125300071 0.8928364474824765 1.5833196859406344
13.2119855742582 -4.562377597033272 45.95119490091612
-1.7252843332010672 -8.21803524503459 60.651686016033345
3.0158837755828993 -1.8051423638658788 1.142662270945861
7.271405999219534 10.876474122412091 1.5639129036250259
-13.426501495194104 15.629317676455576 0.23936322095143725
-4.022066570123905 8.545211683634959 2.239808591223422
14.72720711930147 8.987545749259667 1.2528366402732283
-1.6996581797435708 12.656458234229866 1.2424488253935344
-9.642779479312228 13.230064274320242 2.106135354764966
8.688069021558972 -3.573235741276925 1.0680839318624398
-5.978050228131993 -14.995929748559607 0.2340134159095799
14.39612451175987 14.713160074408593 0.08365437824628734
-10.193562445644575 -6.696937228324054 2.0083522021168623
14.791179766620035 -5.190850910458776 0.06087865831009542
-9.732007558530581 -1.9437772568803984 0.3565549857451922
0.1667113186599279 -7.925666226922232 2.2140794619107114
-2.8635211929451314 14.907306814440885 14.114400921588754
-0.6734464438154412 -9.317274987691706 1.7466238032069779
8.07982044100383 -8.10692657319517 0.3239651317435095
-8.625837104936917 11.539257501052543 1.5124161395563964
1.6494629215897647 -12.933720619799793 1.1230209934972186
0.18167685024096106 9.985580300206006 1.51495588047799
13.688514494570022 -11.133286282194835 1.4524975605596357
-10.051781631425365 -12.617611813266132 2.1396368503610135
8.102575880599261 -15.621260599339994 2.1958667125789804
-7.024381217784463 8.404082213464429 1.353562377597586
-6.761763253269779 -12.572071143157896 0.7415690137677042
7.6038027896158535 -15.137359316508507 0.02001344621250549
6.302037512808322 4.011115628148929 40.398046518157486
-15.220062783234042 -3.843046626173872 1.4433729938935576
14.728880223810092 -15.02532595036153 41.289849566771856
4.473979051974827 -6.7222109148879055 1.6069767843823153
-15.423158836341662 -15.163045778937066 1.5403473318613672
10.901762348504798 -5.573117602471993 2.204249280677637
-12.17046650202802 13.399288282330991 1.783813807827045
-3.6531644442947524 -10.67056141730449 48.5541678310146
3.2256976573132023 8.256212134492108 2.1019709892645717
-13.551274868326882 0.4674984749303733 1.8486222882182943
6.701952640300496 10.30659550083611 0.6560230788800022
-7.4559406994973765 -14.976788539836635 1.9541515653015995
-10.025041341869763 -11.32351337210001 1.4509107527441993
8.133015576793936 9.666042127151334 0.669635826158872
4.452283100820608 -7.387347565263946 0.38645762661760646
5.842802802940932 11.823817875753091 49.901967639456416
13.83917760880015 -3.709593738611988 0.9017371284314436
-4.1327835700427595 14.09452470556724 0.21355339102635493
-9.40720680587501 1.4406319386901008 18.497408654134823
-10.400120678082 -7.215300656741352 0.8039872128435688
-8.689267533938713 5.141199927499979 0.2038819851638315
9.90742096362226 -6.35718600374114 0.08360691250008834
-13.6255834473098 -4.658327021633769 1.0816514715509444
7.853644234011133 1.5488841935850592 2.0417797113077287
-0.30038919069824144 15.989391688208654 2.0667213119225907
4.348763751941809 12.387731924676759 0.7632861462301469
-4.047655253063623 -2.3839386623209173 1.5835840987069345
10.759415268722982 -9.105032897144442 0.584427364804057
-9.38463236607995 -9.289774985751597 0.0475308058811052
-1.3268001257990791 -14.324713960797355 2.2009686974858917
-2.7087720862679827 -1.1619015905861056 0.7989358561242765
3.936973617796906 4.714946356295256 0.41340769831194846
14.038614150767453 0.5578219424458141 2.0810907471226896
7.518495184289988 3.0552244617359747 0.20200599951795772
1.0903103478611698 -15.266214496624329 2.2377245194817306
-15.913998973308743 -11.715296739820118 27.74994932706866
3.469073035264413 -7.161214599688145 1.7792657814265374
2.256909804511018 0.0599260560421131 0.41931367528465596
0.7006531426918878 8.944112400949237 0.6951018698246902
11.018564954451472 -14.59430166968277 1.498711211865843
7.289408999195754 -3.239304030989913 28.32724979459616
-15.149237866263041 -14.164381620277188 2.2243234781785706
-9.937717798630622 4.898597110587512 0.5842512922012826
13.772652041790861 -1.7869270140530737 0.9082693645465469
13.392503414070337 12.063818048670965 0.11354235348589872
-3.0429467257675986 5.860484139241765 0.39450763587382426
1.3809572062451532 -3.369880537851575 0.23672391293030343
-9.36220507659001 8.546802264710216 29.47445213011407
-5.283655742840424 14.958895186241437 1.0152058794829013
16.000815809802443 -15.40937689747728 1.437982810362567
-14.483301715119348 -15.673761771790137 2.0745635144618335
7.635506868902869 16.044939278122648 0.9782490416012855
-1.3413184520338906 0.9038367241681958 0.045429697682362616
11.805673889787078 11.304254840652465 1.6685165452614235
1.7938536342869025 3.513645441586464 0.6569755440144859
11.547965451304739 12.491748769629213 1.9492798328741243
6.782978107371291 15.938970733884853 1.883382595372786
-13.246226100531688 -9.11629635813727 0.6452205801922494
-6.972112280530077 -12.273375280553692 1.1316203768674509
-11.421530679932555 5.074808096565379 1.1466071712649617
-0.661477070518496 -0.44696597440451946 22.853076620783657
15.568523558591426 -4.709340541601808 0.22994673575526212
-1.2787724475191133 -2.070077532967481 1.1252500154667149
1.9339035220544851 8.083882110919468 0.19451705876408584
15.380002274262752 2.350283646643167 1.4109422951371522
11.13166208592091 12.166102944150893 1.4863424090384976
-14.337287096874755 -2.069411156552638 6.387675423346996
-4.324867348877072 -13.041873097133415 1.6656423376272194
-0.7282042290164974 -10.059815023446985 0.040552862619744404
4.913222149263719 7.88094844366829 53.91841588879378
-12.051421165286099 -3.4557717503119383 1.1114616301721643
-7.520512178434274 -3.916779271602504 1.2655625274535742
-3.1525969518824875 -10.558652933877115 0.3112652920197723
-7.498583833179234 -0.7379351631567986 0.8177120882166311
-6.845429195332611 -6.754739941632976 0.8282940393293705
-6.7025799687247245 11.44179051442542 1.6980570207736898
9.20608400724886 15.329307378860234 2.1400294340944006
4.063500629090327 -10.847296072584854 1.0648820857452175
9.182064416211862 0.8896703045493779 2.1035510180148935
13.42620830801112 -10.799357809365395 0.1888732313115782
3.043342908730501 16.029769531929293 1.0285947113587706
-2.598395707522268 7.208936135472074 1.2949532820404241
6.002838214549974 0.6692907405436678 1.0405558228882168
13.59910944917 5.393843241453627 1.3376744500752953
-2.9519291024360075 -13.901753397530667 21.221017880290173
8.126406239884938 14.530502366957387 0.15639872438941743
5.890979287695695 6.325449811053615 1.3283959614939032
-0.32155122025533306 9.991901075317571 18.510191095014033
15.151607065191932 2.5845183926669923 0.8154596662583364
-6.321729716824588 10.088308870580438 0.868959790118227
-15.82032863989756 -3.779604691120015 1.520864731527338
-14.822727016593142 -16.064420294979712 51.84969171346259
-12.904058691135278 8.554057137931004 1.2628981686436458
-1.160019400575056 0.9863382717322919 0.1528736243920335
15.065760966795926 -13.145038722966632 19.847593719151973
-6.3625880387681475 0.237738000818159 0.8737635339332621
-1.3429599564828687 3.59746141835839 0.8954097733717021
15.096935147913467 13.58580455304873 0.7398029306894848
2.631048998031679 6.430893785725369 0.5064316624532842
-11.79011853119915 12.12532865273334 0.04374542631025414
6.384103159537633 13.683744268765643 1.0699103661468026
0.5545441578778264 0.650604691600456 57.72989474239855
10.967031691263275 -15.44874288120442 57.505120927362746
2.0260794330444716 -4.134264172122776 0.12822321006998896
-1.4454070541366557 -14.801572906098015 0.5752996749252802
12.132520641542982 14.663173763108572 1.2253592117345524
-13.604903893548931 -7.418184042714312 0.5064683916796354
2.6500473640611024 13.754554975839023 0.8425083743308488
6.887750901614565 5.502447302605708 1.8517201049672207
