Customers 200
Coordinate X	Coordinate Y		Demand
14.308896386130415 11.99559022448036 37.32003869010217
0.5134284334561862 6.720661932777818 1.2531673875641884
-1.5201911676840265 2.384826167533915 0.8198014963782773
-3.233254791569891 25.62403790694495 1.1256552507511608
30.802004248222154 -19.930362880659608 1.9586262004165518
-12.838236082897847 -10.767059397508525 1.1621834383084573
13.259370725786317 -16.561501939759303 0.329711116785058
-24.42982265066157 25.918443260227043 0.47402746232350296
-6.861560760865479 23.949927270927635 0.8796701480207957
6.312563073365996 -9.138816467591946 0.461998926283058
8.764847939265264 0.29013792390041376 9.540855741141836
4.7654592018230915 1.3564898795122653 0.06441559117135666
-4.29583961232359 8.725583999989151 0.5544647325245626
6.965286286900881 8.041495587894259 2.253278481462108
12.179366341662625 22.939175958837048 2.1622396132365496
-17.15889222993462 -9.482919773551878 1.5895566991988803
28.57067874004028 -7.307206080558285 0.1803841183340604
18.771952491579125 0.10178613004533105 1.8885919967246971
22.553183799718468 10.529362892459252 1.2493567933029641
31.913830390564552 -3.3403758362050047 1.5151757770465253
-21.206380833380404 18.69997240041219 2.2161799392181685
7.300295643893659 21.901020816610618 2.073577566564281
-12.415107141109814 25.191397977296198 0.5735196783782526
26.72234324292452 -19.825659601491235 0.538271267763066
9.15272979233357 11.357595996542406 0.3447973295907755
18.224466206159935 -12.423343355886129 11.034836591078617
-19.183753364542124 17.227321165258058 0.7639592606231762
8.005993047645203 13.224269079779448 1.3141125021470812
-5.328724162775205 5.420858469205164 0.30836910732320233
-1.107448595566166 -1.180216411478375 1.7420758212758536
32.06363976627612 21.934942552031462 0.49988987931239626
31.858614085584904 -14.971744112471711 0.11068622219197798
-19.685498775316614 29.42065554535296 0.41184673612683664
-26.804601422257498 -17.610367779281642 1.5768374521439212
29.515702162181903 27.77403791618736 0.10414364244900269
2.234552241402419 -15.6742823165769 1.3412895640529554
18.336261170531376 -1.4014000090156222 1.340752183109734
22.559770587324763 20.903322309186297 0.1241507637741905
-16.821102732632596 -1.3224642270387885 1.1741190597983868
-30.58991659057353 -25.012650755210128 0.10782860020870137
-3.175447052704311 -28.798267868050512 43.533836753157054
-23.494792805084284 -7.135034113433256 1.9099269556564133
-26.253332633053823 18.32079340047669 1.9503982945511917
25.354433168042153 20.06008772406745 0.360932818184589
6.622917773460674 27.838693975666583 0.16498332974995628
3.6791461749911267 -29.65622485959885 1.7761449632977677
12.200284503847302 9.172019584423014 0.22640527083939352
21.318595612723627 -7.920693175647532 0.47320417291710637
-8.660627755284686 -0.7944860160409567 1.2340512551010776
11.22310368134973 -9.734708517539858 0.5302373712319535
-28.924213618703796 24.117120723832482 39.85848264577141
-23.312319827709743 24.93653239334329 2.1105510060478863
0.10496225698596497 -24.39945496075878 0.5841943838672402
8.990874347655065 3.987766012839394 1.6656316366055903
5.826474181767451 -15.881845529564083 57.10783397763982
-11.817760641822808 1.3980763665680114 0.005650593876648288
-19.08509913987964 21.071416898799633 0.7562568495852589
-9.79085127617212 -27.02320924491872 1.309100420560099
17.871322901355235 -11.553781759956237 0.9023344319204109
-6.535736318194993 -24.699520197038257 0.5031947863371139
-16.401956192861682 25.613516902084957 52.22161075049787
4.505038120348217 14.017563204550852 57.98034612075836
-6.018480643921481 6.574184298261295 2.1631851357983893
0.6985498310134918 15.639421799558978 27.545712372395116
32.11646136018357 -14.898045097343608 1.9068733995248508
4.871051992189069 -17.5859650668688 0.6310134995758309
31.090517499822646 13.896348758985711 0.17263555060589464
-20.602550700111895 19.7290422947539 0.2190964792446135
20.250797384479974 -31.34127505778842 0.04178869956857788
15.744496015953526 5.958332547929433 54.832488235061305
14.340773740265435 24.09800523874972 1.019292090865217
24.099719870088375 -21.7651063715927 2.1654171037729717
-15.272919137986385 -1.2367394024127458 47.04218838896552
10.650578054543699 6.270752298739618 1.8732939008167055
10.534161484927395 -14.01190949464043 1.0810328384048016
-13.78852437291871 16.15601927581494 1.9320700826590662
15.486764693219612 5.040770091696071 1.4662549870588286
-17.787597655135894 -22.21126351216502 2.0197911775956103
-7.049737192525034 27.598085334061018 2.064423393454116
22.41883790938928 -15.551968109795999 1.2001895151260795
28.4081359591508 12.662736300121033 0.07275791636368918
-20.780285549211793 26.611553120954788 0.7425131755723333
24.073312773560787 -14.619863193681782 0.6809648060915842
31.898844792742985 -13.677015869565578 1.3001493055240736
12.02983922711371 18.182661461984104 1.287342998500028
14.195736357646922 8.266264890451303 0.2721792825046097
27.182043620529065 -11.217206102366934 39.06471924903586
10.102059588761175 3.573930308153578 0.3705573877983626
7.978239805861432 -28.763550887477717 2.1708834787899307
2.3965113727364833 19.683332910556878 0.808895789166864
15.848189270608062 8.057177937390186 0.22961657249929784
-0.5551944475143021 6.959963697887214 42.08552709236071
-13.966928444821258 23.041862086743933 3.5977799333848184
21.9246620450797 -24.896570215189012 1.4970529528055552
-23.32834742430079 6.824440602279909 1.0100170826669344
-9.03330998799434 3.474805481708159 1.608582337654501
-32.11299727346327 -20.470012662769793 0.31737997816271174
25.911812135743798 -28.179882166830232 1.5196722908547955
16.8030480994343 23.480040474602543 66.27322057463694
2.2615975846681606 -11.687949539795545 53.64322727651731
-18.830285152785585 -13.117827973202075 0.6731398752215795
4.56294064816792 -2.6512175932619613 0.7539119330705781
-28.418371409926948 20.50045015600134 0.4474979047045321
-22.37353471445282 26.835236724074917 2.190672154191958
4.670879779609004 -28.91734493149842 0.5805795043682247
-14.488026661539884 -24.184887719328593 0.9742693454853215
-14.928048213112232 -15.544524768629737 2.218447464820628
-6.768979177082797 -16.25047462268222 1.384596335105824
1.3226706391377936 -11.992144448159946 2.239877732508951
-30.950790980684005 -7.371288702274141 0.8224194205513149
-28.647918675049432 -12.955721967272153 0.3324189940455809
27.010283889348 26.015814772728334 1.8651946229962204
6.754940479766361 -28.73103379125975 0.583556660927783
23.528791977100834 21.517379967708592 0.5607992251168944
-15.673223393398354 -18.15306578749035 1.8832130551560367
-30.795729360195907 0.48133904352686546 1.3810671274015573
-16.25886708035914 4.348642806501735 0.575532145038323
-6.2207741027402434 22.96780831757647 1.9179007409294997
-16.717708024898762 12.71601987228938 1.1213933203661632
-29.894433223291163 -28.504735974972963 0.5473722568539413
-10.288096587922015 -9.508999500994273 30.634310565709963
13.431512799528397 -4.356747058027032 1.4260330887775328
-8.023908430330927 29.136208623187336 0.7040279753666742
-1.5260446670615293 19.483322676215664 1.0300432313153323
-18.588048502584783 -24.366779650577456 2.2334925993636143
-13.487240618946515 12.965074896850606 0.19818958332578765
-24.663037068974017 -15.52362367602384 2.153648142651273
-5.346053652925672 -23.593990190139568 1.2537469297251895
-3.0016878107066005 -2.1620200665479445 0.9078338232976633
1.7049101436822438 19.549973160337768 0.6900055444691863
-19.04746987470189 -8.173962330638414 1.367079525052297
6.844489869778988 31.519825914966805 0.5726213143071789
-24.718122473324755 10.403669461962894 40.0438908743913
-26.636007274619494 -0.9463553078462821 67.47669767294161
-1.832824789138988 -9.760823788577065 1.0626624971234298
20.838945106967984 -13.453136978625038 0.9895160311316219
16.784130545589587 -24.78697856751672 1.122110466805139
22.08321289355105 30.61765814178053 1.4176749713216616
17.59358867186485 -16.44752623894034 1.1729476327612982
30.41226905713031 24.885049249143535 0.017272381805767394
24.4420540687112 29.75951812614036 1.4084229222526827
17.642802701724385 8.611393195939291 0.08874729531208297
1.356004357724349 -17.267776225720798 39.726583233318195
-5.70025104060529 1.4792221147799574 17.16476325802096
-20.750445063482946 -12.446651059404696 0.7611037094203024
-9.748769365800415 23.46230877860443 0.663968018788436
-10.626683181297258 5.805563159247035 1.1045323113685053
-30.55081056047417 -10.762193866399032 2.18025708294304
-18.210387495403502 6.559058853720486 0.46507693410522166
26.041971628764003 19.538734156710248 2.2351237828167534
-12.373643567245983 -25.558337687284613 2.0143423199117128
2.1171263443976023 -10.152075065597773 1.8351414701027757
27.470295867831513 11.648900008566047 0.6831144709383902
0.8814790873629047 -14.626549327236056 2.152961624844134
-7.534958827003512 -10.01396258581075 1.7133063261056392
2.117213355908819 -0.09651561503529753 0.6235797566391071
-1.73215738288115 27.592840184531216 0.35475739560287717
21.534150050141797 0.3036363831506606 0.849576113309688
-9.979024241117529 -8.845260009772641 36.213293241615645
18.650235293375953 13.916804474407392 0.5060112545291052
31.911185219599147 -25.824357936224924 0.4379539950641099
-2.9728561316362323 -23.40725853253564 1.2044825752235702
27.2861655295117 -15.69704742654451 1.8852955480461255
-15.703783886144157 -3.5993435490857966 1.423326151506457
13.21963619781592 -14.3919721270931 10.17073219193346
-18.25405842946949 30.453819684705213 42.37028353521863
0.8021319451782045 -22.777747001479256 55.237873079206786
-10.664333113760975 -16.04485977276746 1.2106532409835482
22.245856136162647 -1.0563699763028755 1.619212370625865
-29.40143359867137 -30.809027336890644 1.6136964992000242
32.00522377030466 -29.47778369631654 1.3706723963757352
24.23294668890476 27.67744320457077 0.5081320947183512
-31.05426622844673 -4.462430808325498 0.959573438134083
15.294226013023302 -13.393919355592471 0.6943319541220259
-19.18149860446439 -25.590525282331335 1.5017593365295812
-5.046305296166535 8.08138593485476 46.44787274765203
-8.46772341466896 26.500880168112328 0.25380405981541854
-14.188110885029166 23.907320306253556 1.3936437751841868
-3.483879465926118 18.67735717064261 0.6183242339599074
-21.07048270311242 -1.548765858278693 0.003583173664962336
-23.01735131681814 -10.03607676858668 11.496466201780345
-25.147912387446294 17.014183427738157 1.4092324668595804
13.713015771882299 -5.028285435600959 1.4423123793612775
-18.628368909231188 -14.284796808785988 1.324914379357306
-26.02325506825132 29.194538639783865 1.5596179175359979
25.60985800045335 -31.90805367407158 1.589163209956356
28.13205212532266 7.25739977045178 29.324611845441403
-3.3945087124132742 11.005701247265938 1.7123720410024144
-14.516051453724781 -25.58618198988701 0.3633153917514858
-12.45918038784857 2.2500183611245035 15.943811997153093
25.60782494173459 -24.80291140888196 0.6468111479489479
20.370722842929432 -10.391919775214982 1.8698639080358759
10.043822057219447 -15.169548855809518 44.979456377620906
-17.07640691698731 -9.02531701248984 0.8753520250891862
-17.243437948010857 3.225800244727006 1.2476739140070545
-19.10052406969814 14.969876794332352 0.10665972172037724
-22.314934435128485 -23.122337788701138 22.88622620966934
-28.56479473796601 -2.415390616554276 1.5006635752490187
-28.500979834435938 2.537760732306716 1.6731673123591522
7.202627949921923 20.229765021378256 1.8577597415127356
