Customers 200
Coordinate X	Coordinate Y		Demand
3.640657487457988 -4.40333562848714 0.38351177915963336
-4.52695098396986 7.996091101753586 67.27296750113888
-0.26007806666668315 3.546933273429832 1.9934295771209163
7.4309353506551705 2.176625982508374 64.39157156144466
0.656578884150072 4.827606887550301 0.5724929585523802
-2.982783846843487 -2.5594304645396777 1.6802230507429994
6.948008343827198 6.5163187748932 66.89068208652182
1.954418713328061 0.6626244610376358 0.049950235178140304
-1.85619956161407 -6.633139501830185 13.354860760811999
6.361581700135987 6.2725174641444665 1.69120143826577
-1.996861690989581 -2.599555942537596 0.5757703642361197
-6.7199931964355955 -3.365643277737568 1.5583891693065104
-7.067685901379764 6.394598422298689 2.205575261990328
0.3864583264675197 4.0228785949650465 2.02143887055986
0.5994962732206083 0.7630241343683091 1.9166533487791528
3.186140748406631 2.664797411316325 1.0140695001189466
-5.650041909825837 -6.086352143218306 0.9331011657506555
1.1780988277514086 -1.205899998780666 51.998741258924824
4.599049891162438 3.4758069592965364 1.6785115839556914
-5.508875851155181 -1.3244297061025645 0.6428237245024571
-1.8012391647105266 -2.5350743443041064 0.3689382047007095
-6.872067199583461 5.283948167588984 1.8889908557545454
-6.250603532834666 -7.776071653759368 1.4256028985064713
-4.235977231642371 5.228209192598302 53.35473969133167
5.805492339675655 0.20079731693742642 0.8354629681245371
7.818488654618536 -7.9989909079326385 1.1184741985284468
-5.687702839302096 -3.645204467579295 1.731672506171149
-4.49039086004502 -4.8105012767273205 1.2543187094270312
-0.3675001918976714 -4.459956527228224 1.4200788556057369
-1.4998396342185398 -7.253565517038953 2.2209080314142406
3.8086554808803608 -0.7237464911005681 0.8630985651985992
0.11663173200608287 5.87330598264813 0.7220703529069465
-3.8503716716247602 -7.230772710453431 15.811014077335683
-4.991260915311456 4.166093211627233 0.6815435880481385
1.0479397102785692 0.03923855539784543 0.006162926137816323
6.12108879275826 -7.0041494028901194 0.4929843882216798
6.9861060241685005 -0.17592894995552563 2.236267960218961
-0.0065293147288678745 -0.711353298013183 0.14031841382654195
-2.7915491832491623 7.843472864131882 2.062058413839913
7.485309391561491 -2.2384542772695295 0.3409843911996849
-3.1236840450829892 7.390994364431464 1.6125393881349714
4.651477691324803 0.7225112544499975 0.7476058910205307
7.267637172307624 -6.3936293155542865 0.43885112254059655
-2.3407639787585084 7.48196124344576 0.4225177917585069
7.38057032626662 -1.5310193953986104 7.611652915416027
3.2677449826252163 -3.749739050735644 0.7656537897680862
-1.8905090769510944 -0.2368587601311594 0.6671189961875393
6.657514397178514 0.5778307261484372 0.07092351388592234
3.811292406828255 7.531924967115928 2.021154119921946
-1.4860462830537748 -5.4508772398838135 1.1884748355930062
-1.616408354263654 -2.0846153951643656 2.0492321862244633
4.171269613753536 6.98298632939053 2.0594390889694956
0.5882809953007508 -4.063409480270101 0.6512337411491533
5.552876153746394 3.7761093694229935 0.5550568993753816
8.013395732229156 1.271526512127136 0.031183129964215288
-1.3699174570171624 -1.1243430106185026 1.6409911553307028
6.360022114275723 2.2392070755666684 2.06297982781341
-1.37870034699847 5.438280596715095 15.94587244579303
5.082407784714021 5.402941803378324 2.129978109767846
2.2986573867388187 6.0264114420531065 2.0042993963569433
6.1524839738439905 -3.896404347230517 0.22221286214113406
1.2594713358947416 -4.031388358475754 49.6440569055509
-6.228800102902819 6.764081366715547 0.5320866759949753
-0.7975917278955149 -2.9002930794707082 0.11976361601897857
4.685558202640295 7.117939838588942 0.7134681639722387
6.3649916808414915 7.4935408265454875 0.48447912457913844
4.8313543860562715 -5.630756119515651 0.57564504376295
4.395896041070417 1.6655229284737558 1.5771107787344312
-5.937094692066712 5.483398422349408 29.16257317039994
7.706351419292595 3.184847992281149 1.2053533605074613
-7.730707510233262 3.1399141616497217 0.8958866124703673
-2.6873337583361225 -1.835400750023107 1.444206316943885
-1.277115035711811 -6.762393148660895 9.849599409617175
6.10187185122053 -6.795185929365331 24.510720814264406
4.4358262764770835 -4.432216317633639 2.149129377760874
-5.261746283743739 -5.696560005435792 66.1627809885003
-3.5174280298596208 -7.8090193249880135 0.09509784714952982
-1.6892260239646684 -6.951171807555719 1.7940339536841043
-6.169441560753764 -1.8303803902910922 0.442716480595665
-2.135407771722213 2.150441878744103 0.8344732558639507
-2.689943206869299 0.9963061334366886 0.5356074221240179
4.963408405263496 -6.733442587167781 1.646943229854036
-2.127355418903077 1.8840560135721887 0.40063726216689005
-1.4996102731332601 -3.5529328961885582 0.00015645454218049304
-1.8101677370264098 -6.227905347455206 0.8415277789099501
0.7364136110345264 -3.1112757896953096 2.0173609515324085
6.666720988221729 4.606151439432953 1.622159349440023
4.203865292572752 -7.071697611321929 1.2343785855597562
-0.8441777848334631 0.5133020855167568 1.4650298581786816
-3.778882645560072 3.858685644423614 0.5497315835929864
-7.479521269419765 -5.308288952608959 1.8722670993546382
-6.176063242975529 -2.7959176408518367 1.9865399733628977
-8.021861319658191 3.747654019265622 0.1529603470937742
5.943423571968558 -1.2041389933380238 2.182999144445658
-3.393478907749608 -3.8678270422264407 0.6986976138391138
4.617847125919907 -6.8172011475904295 0.4377223250691778
-6.075957536674838 -2.5534644127525397 0.5868683006647591
7.142544120490995 -1.5819583905472003 0.851207539633344
7.226747329170935 6.418942520371695 0.304626324379028
4.93628167598118 -4.822948299761321 2.2051561749583035
5.892307951239856 7.022445668693002 1.2847635759472085
-6.0840637798687744 5.734907869367036 1.1908295719216424
7.875099996448995 -3.9217128069236162 1.2958481059429003
-4.954434466091425 -5.28946905692703 2.030347462129988
-0.4716453313291856 -2.007462966968364 1.798922120750097
6.029644276065454 7.806989008106949 0.9885323441592593
-6.069321157130306 -5.983038977176775 1.8867921049783356
6.171428092323872 3.1940174052548382 24.880710006143836
5.740622342441321 3.223760391114736 1.0166740065307
-4.400193800846494 -7.070089952371553 0.40383815427986264
-1.7851802861633916 -6.86321026406375 1.0245655393168915
5.811053902986574 5.395952542844592 0.39458163383611095
6.8895522338279305 -5.996864409313946 2.0081109748686785
6.401805304552088 -4.709358337110194 0.8055427413411694
4.711334985484367 6.133744951159042 1.9718348201870817
7.042055131158678 -7.31130831136545 1.0474831426614444
-5.2484282594230285 1.876504560352957 1.6030168747567979
-2.0706913723518077 -1.8853617120268602 0.3229468401763305
-0.10175499750426809 5.9397394817066065 0.9735301885986749
3.632533125162684 3.6499622531353237 1.4659646678667
-6.909913774396915 0.40585211723755726 1.3200650831239604
-1.8256127791898262 -6.967503318277155 1.695608656423322
-7.290130871396712 0.25547128038270817 67.30498211223589
-3.5060191723446463 3.038407241250751 41.38518297801081
4.599873875678339 5.508230921238129 1.3648125764948604
-2.281836173297222 -5.5018567736213635 1.6094472133255338
-4.917435556557646 6.819429672772662 0.7171778026004642
6.869673582661853 -6.567506275074989 1.0662685851134435
2.9256865877487246 0.08700973656248395 30.619148750111925
-4.485295788903556 1.211824323645975 45.55892427590856
3.317709567740235 1.833547355770286 1.944372869670897
3.838062463002248 -2.5696128888997167 56.44872133462587
-6.104783956460308 -3.222469843531376 2.055196024519609
-4.7998443675704126 -6.938176874348373 1.71311797527753
4.402091098826883 -5.56682123903367 1.8773446362741295
-4.4205047259544195 -1.07529179265191 1.1744568158879305
-6.92125586688754 5.452284956600739 0.6824121483501558
-7.839273906866131 3.818499842958515 0.6808854991631186
-0.7610205089211267 -6.153478694360251 0.9975444963852304
2.7710583991796596 -3.6601417588903273 7.685347173594799
-7.904042632345341 -6.000457246766011 0.5935010834317109
7.686554085065627 4.038898147654756 61.968433302511535
2.5562844291425266 6.037723008610475 48.48953946489623
2.6234691993397763 -1.1492145224446537 0.6826265533871921
2.183849718007779 -4.736901393288367 1.1371782058321411
1.2303386370784288 4.564635153501972 1.002704280235501
-4.6483601140987165 3.5066346723716086 1.6920133844537277
-3.5523119448015956 5.8168009901075886 1.2527485820054791
6.044587284130469 -1.9592514683185107 2.211327081450494
6.7796969789704535 2.4172391698344304 1.9012777828827663
-1.1444689286683216 5.039446751406508 66.67661893342732
-0.41674047545182974 -6.42940540928254 1.2949901713953524
3.0478985125673086 0.3373282738481367 0.36643684265615334
2.493326344548075 2.445808874218937 1.0362194100529734
4.470708667994111 -0.13154777434902426 41.685812501143474
-6.078024939166643 -1.9236191279514703 1.4316804268710532
-5.099689918171472 7.610879590688619 1.8034670483845543
4.450890273522056 -5.973799021701623 1.1816987297357138
-6.957233603722114 -2.123866799103438 1.6572639410789394
-4.085456591990983 -4.271474350774931 0.8900846201425648
0.29514833577521643 0.1520986403853695 18.998380334174183
6.320791930251213 3.512538832774166 0.05306523778014631
3.228284187604453 4.675573754149895 2.130979555335594
6.705386153712766 -7.326619644810738 1.1566397404008253
-6.0640560131939765 6.391310915478897 0.11336338318694333
-1.6992904767907269 5.179611444059854 1.7029624335968456
-0.48778411356039125 -6.01232349406685 1.4626250451357412
-2.7167657559422365 -7.261199567213157 65.41329146526988
3.2881230864821798 0.49777236152371335 45.42676969030304
-7.089580779078881 4.478232231018953 0.3618226099276901
-1.4624360008704063 -1.9840143226485243 1.7584101768949505
1.0680151723901001 -3.1409707176476855 0.07169217619886448
0.9565829446306393 2.4671317646232507 39.56989995332435
1.3098613676769046 -4.125073964924605 0.3693454542356201
-4.9157043858070795 1.9970329148577781 1.5248772741780874
0.1119404102345116 -6.238654993032142 0.9814793410092683
3.071872637208912 2.501222201699378 0.9445082305916722
0.376053476282739 -3.556061731482323 1.3468024785107324
1.5195880073564745 5.028611518272034 0.08104507531082558
-0.7959179266611566 -1.7584836896139993 1.3492172124186774
-4.510861777162919 7.4088161577503255 63.60525399217417
-4.853794918276407 2.3238947142850668 0.8970240505274788
-0.4486053013854754 -2.272348002367723 0.079478218166214
6.2432291104740365 0.233819274138419 1.175632235758034
1.6219147063900028 7.859342751325825 2.0758775812237804
7.645922249594087 4.833338188106708 59.00939850196908
5.453339275544454 -6.488055165754589 0.8088023956268618
7.392954645820375 -6.343258870990008 2.0314923231488207
-5.817880406285569 3.2838151018861685 0.811939454680971
0.14921250657582802 -6.1753227090115 1.2994797244931091
-0.6873848157028983 -7.195092311888048 0.7059519070455018
-6.654075237403158 -3.479550777703993 0.5560372970294551
-3.164784168673304 -4.09096091405436 0.1713986077644804
-1.5879422529939515 4.603576340649816 1.4488963502451624
-0.063914626917307 0.8641978910630529 0.535379233108881
-3.5361487540516134 5.96898386188231 1.4289366147482372
-2.425304142386582 -5.841292081497135 61.54815307734692
4.496830918845992 7.2457916378453655 1.0143460257274368
3.779394378226844 -5.373190613728546 1.3906125557876083
1.9988534410265295 -7.135461965214752 1.4928822470820096
