Customers 200
Coordinate X	Coordinate Y		Demand
3.6363326906407085 3.782322295754623 2.1724154063241095
-2.7465034614310393 -7.796460337577616 0.000630843935023896
3.0235823591969124 3.34574722365909 0.2795960785313075
-1.543311749833095 -6.67900712457446 1.4019024985375015
-4.715313743681341 -1.693430271118883 0.8687104769493754
-1.1694456542609717 -3.299973034595421 0.16711552001058888
3.408452552262575 5.058206267862976 0.526406223495052
7.256905400466681 6.545636856329309 1.1311523866757178
-3.6753989390058823 -5.772642588227976 60.776200983385465
1.6463180438428962 1.2999505381643004 1.2186803865353861
4.140848716053042 -0.9543279373152795 0.007919688913228412
-4.717542385768535 3.1048743160193557 0.30630726551792464
3.2164973111713686 -1.9393851775626594 1.0279338912677405
3.0391552732626796 -7.4528975363389875 2.1119786281367285
-6.914735506505578 -3.2871114592085138 1.0370006991740448
-6.467577363714337 -1.336134048283933 1.9761234480928302
-0.7544515901650453 -3.9671283406540288 1.7052685549993423
-2.2398496075969105 6.193255364780968 1.3202813862421106
-2.6452926464727247 7.441657941340681 1.4396115676614525
1.6286348096465162 2.0007742365392196 50.85485410825585
-0.21109962419104072 3.077160961609907 0.7824715073458894
-5.913320322032602 3.8339518019216268 0.39278786132448157
2.3764327273119883 0.8644739444674843 28.9414935127437
-0.5655863712785925 -0.9525969737578235 1.8556273513377883
-7.9674441893395125 4.769821928035065 1.5243488036508337
6.864534340201712 -1.447446720486284 2.2097305047332303
-5.261140605422128 7.50401960062163 0.3720116447152833
3.9989580091277155 -3.159818608755667 37.74280344642531
2.492806130216975 -6.6237878526179435 0.23381922508616856
3.338425237928473 3.096398334013075 25.907502325253137
-7.974566325839307 -4.323868866097358 1.6971779353241017
2.846283995931261 6.680692992921996 0.0368996681749719
-5.386434773914588 -6.602037115153183 1.3322670280851443
2.938875888170168 1.753064547427106 1.2217698831497261
3.3083977424152673 -0.5872958578651158 1.4434941906063918
-3.0364091735723395 6.73935064444127 0.94324611725876
6.822330672352581 4.201298743721326 0.9809337395533367
1.1099776551841487 2.253774846092173 0.2993802187311688
-7.277059719079003 6.554628548672406 2.249313690949077
0.6013685128547339 4.803015696416539 1.22511898357954
8.007967321530971 -3.4793367389944496 1.9845485504826677
-1.1867879649670698 -1.2771708361487595 66.30293750817151
-0.9905834720967582 1.304026190754523 30.803169421397776
5.931971381538388 -0.0014390715656191983 0.28716469324420996
-6.542879635826731 3.07125151611983 17.560940869491144
0.9130970380531781 -1.4392588900846879 1.7669160498796617
0.6409085006491444 -7.745328116249562 24.795476054808393
1.0805781679993458 -3.6199386170546797 1.395090692363477
7.42716718056835 5.54180219867302 26.642017381340928
7.5848177891288255 -7.439719039631123 0.3686498400591993
1.2926148614502089 1.7604447959048164 1.3542968303491283
1.2949356703839499 -4.040871534789934 1.0737537921747886
3.841799855160575 -3.8364987542609996 0.9126404690821712
6.790564823027022 5.049660536816876 1.2969764464365128
5.737542633215956 -7.498361737057446 1.713421337920232
4.739967040368245 -4.681452330983374 0.8196002192498917
3.772269840403819 -3.4064543423782263 38.20921300797421
-8.035267479247775 6.801426087352286 1.9795514643529808
6.869304721639252 -3.209100086825491 2.0901722510891156
-6.381953969504442 -6.144054915896413 1.6893268788228708
-5.519382232312933 -6.120226392711826 0.9988505707185399
-3.138731401683734 4.529134733341852 0.751683973537464
7.992183124007771 6.049194069437553 1.918940400035477
4.755096598420209 5.610755131244848 1.5721901689164677
-3.4989519543848555 -5.325638317193471 1.0284891371793368
-5.324515544040568 -6.850263239766067 0.5523389192927851
7.9579760260796 -1.352371293927113 0.22129178099258048
4.110756069475287 2.2540149207420144 2.0914215815641577
1.0308114830923296 -3.4714161329550106 0.6481629384776693
7.449290344702995 4.166541713995398 1.4220596744281162
5.476671305037846 1.5077904382013674 0.8699504720414567
7.782204135768412 4.502423915364313 39.50982250233344
-5.107973055701548 -3.030561870002277 1.8825604977910995
-0.7163006928861586 0.7244501017597562 0.5121504033793529
-1.5392167989235157 0.3860209484948121 0.8442331640778411
6.932057571900086 -7.958851222169524 1.1042207073410948
0.6439755848758161 0.12453619723642555 2.1010418942944145
-4.071809100629193 -2.466709423219079 67.38317044837358
2.5435165941199753 -3.429719992621346 2.243619472449376
-5.63103233033224 -5.942229354993171 1.5174990163851005
-4.948388038289908 -3.2449017069306887 1.584514959598054
4.270784886597783 -4.7234582316456075 17.74625602241668
0.2568320510646814 -7.271844553617722 0.4899938538501725
4.267006027312846 -1.7150183365665905 1.654098430733918
3.6389467646782867 6.210976335666186 1.3825014566719411
-2.7294238416358176 -4.952801123388683 6.419155029496979
5.943982315129127 -3.5800665101638245 1.4270944318224712
-3.9572876616793526 -7.625897007677507 0.6656986420100283
-6.868547342924805 -4.76686364857165 0.13156120787947856
4.566338178586552 4.29686467246896 11.520169662737217
-3.0418142712489953 1.0431381980152794 0.0890684935335636
-7.227471623535289 0.8051891901538334 1.44403125205611
4.357091186325423 3.5191312598121485 0.7373708411822838
-5.060894023079077 -5.935532099625553 2.177809341797851
-7.217347702352313 0.5355741463604251 0.20657309432430918
-0.6058629020536185 -3.3670825739044785 2.083091205558141
2.5691716763787964 1.295074556073924 2.049630825909757
-6.801648728279552 -7.440836311904469 0.09999045850468503
0.436750045776728 -2.396724901396259 1.7913150066579944
-1.5796527796540467 1.8903425953996806 1.1964252640788946
0.41470879228190977 1.9309234052248763 13.57830137073464
5.015576175240018 1.2753401602498284 51.9747111308357
-4.850562703246534 -2.5733638442169053 0.22641980778933543
-0.9746392396294893 -1.5453248986747325 1.6568840618695335
-5.114750551487307 3.1228999959869217 2.0203438648814767
-0.8463428880813791 -0.818508144899978 1.9764099670994366
-7.372998998368785 -5.10854810083952 0.20270228699545373
2.7091884465228184 -4.615953300665786 1.5045124436651613
-0.11463825315570489 6.091387102177343 0.21849335630755182
3.418969237396192 -5.250645690942308 1.8261843991012603
-4.34634044572707 -4.421540312293943 1.9824425524022742
6.241008090566892 3.2769382883818494 1.6804492618022187
5.437671099673535 -7.906520973636885 18.32907504128256
0.5142177132550537 5.122507842562525 1.6190164064223134
0.09959045403073827 -1.909092249568578 1.712377799098257
1.6478677163723576 4.168194565425938 0.6789977210849655
0.31867934212242216 -6.955554448110712 0.9935062113694719
1.9878161972022448 2.658042513670205 35.65683801351019
4.009341976395051 -5.952812525955251 0.911202239232246
-2.6111037960365735 5.475544943626984 2.2092731188367694
1.7983312694151738 6.799775114152174 0.5421274237788688
2.5511671529465776 -2.177588926039078 0.27111347342649067
-4.369527671128075 -6.214747356246337 0.43709128089522764
4.387975333593424 -7.077934901317396 1.6524388651473516
3.9694044028392725 6.546126903460524 0.5704074893824396
-0.1615925429708958 -7.100294749544936 0.8725462616073083
-7.197108624035661 5.358341200713356 1.9958574634380457
-5.028399216110382 -0.30397210360453747 0.8427107599677975
-2.4455971763711877 4.067584585250942 0.6479494632000674
7.188140861378096 7.68035835117293 66.21927827223575
-3.085330630240168 7.055603712811533 35.38179891170361
3.6930440504017055 -5.880502413704355 0.7898870453935455
4.862919751083548 -2.09390056848679 0.14687452842526527
3.12011479357365 -7.9442902421640404 1.3027092033485486
-1.7814527096217052 1.961557000018944 0.46000937094584576
7.9404225987877695 -3.7916111799113654 1.8322061937303702
-6.894779168742942 7.584112911271317 10.353978962345247
2.5814004156726633 3.714279818998025 2.1824614155755304
-7.724441970998798 1.6666811157235322 1.2242990073230418
-1.2886064236757149 -3.3521698647875136 1.848324115838579
-4.022424789363154 -7.278630588292747 1.3659237896550556
0.5137606179075956 -0.8445762474130835 0.705126892316856
-0.5209736969703207 -4.54379683869318 1.8647587389650426
-7.893847119677764 -7.995085098859033 2.0695553234460022
0.9497301981248361 3.054870336828054 1.7981163232277007
5.003639832079933 2.4587759488758887 0.7013641083376423
-0.8549629842854006 -6.509015303485199 0.18916519190773
5.678898744111101 -0.615405667313548 62.36961373765012
-3.4561879666667665 4.13829593866616 0.9087289432197865
7.127102259449305 0.025154242109183027 0.8729540495686218
-4.569191177189054 7.186274544205438 12.690674621586595
7.6944809197398705 -5.7983234728168584 1.0353290711759087
-5.4699090373863894 -1.6816705147331723 2.1049466644151025
-7.902928081682648 3.858532903880984 1.4344796251898042
-2.180469132136513 7.02192878805481 0.024961233268468625
-7.822085381943129 4.423811645456056 6.420043564585759
2.8994509825356807 -1.5817115582239956 1.8978867225939233
-0.24040009294751966 1.7538808810091477 1.1628398363457118
4.685586403193305 -5.421669111200891 0.1631556643642431
-5.31780091373714 -0.8169392814390876 38.00185176230112
5.9396050901540205 7.016740386424688 0.6159564837239592
1.0842751654859888 -4.441139878031644 0.9703867583802388
-2.0131211399172106 3.7234611517337983 32.85008360427034
-7.552597378480478 -1.7677896415011314 0.6465712579876784
7.742096879401086 -6.725617897361341 1.57265277424017
1.031501492505325 6.808595382902597 0.925408776330974
5.411306483338131 6.810950629345554 2.0410840541273827
2.773089823921819 7.956550375269299 2.1489638082061013
2.3458435674821536 4.103427003208873 1.0624704740060558
5.694239021262463 -6.593535637991983 2.111663384207069
-3.3775010645716392 7.524317180873111 2.159379873917699
1.4082574438241993 1.2025608950615632 0.4274779034727023
7.311467285884075 -0.7032259480894236 1.09653221988263
6.601889792280938 7.266435476519988 1.5574144754414116
7.894099827081508 6.545309564165026 29.81641615535985
6.9677317490978625 -2.7494612123792996 1.7221998851436542
7.838730439306346 -1.9724761818716057 0.9952028731845729
6.326490422098362 5.506388366179997 1.3152516515295682
4.2826752942433695 -7.065964157235166 0.5884311392719216
1.4595130478762126 -7.517146405247907 1.7376796395956366
-3.498364028147215 -2.4114001340947535 0.9671142269044365
-3.122712089436159 -0.8363782005042106 59.81409871264994
2.37604610338394 1.4544755086961485 0.5036400526454844
0.7451453283955156 7.289586365164204 1.85137972708954
3.993831221523647 -5.712007520221671 1.6709565846969514
-4.508939135005742 0.3023050259141906 2.187635875167501
-5.045995635699205 2.4904978389626913 1.7851251950340858
-6.702091262273246 -0.23676656595763457 22.75058977070022
0.18352051894342114 1.8922703629593436 1.1621299393998183
1.0239462610948937 0.8677543724886664 0.605631243927313
7.476939047110915 2.7482251668029902 0.6000115055910908
-3.2928401844769137 -7.808563533686146 0.1480560337206919
-4.606601982964142 -4.802123649021627 1.4198460546063125
7.739011380927974 7.427695444758063 1.813060569421671
4.767161070709615 -5.357659531827543 2.2387932043426138
-1.4260647139086784 -0.03498375441070567 2.0921627678090378
-4.103350735065292 -4.008352979114042 0.3257891784897649
4.069088649725176 -4.993731106556526 1.31888929973733
-6.108103524014904 3.81466058241297 1.664685639364486
-0.94073999168517 -3.743807752826549 2.1486060966214633
