Customers 200
Coordinate X	Coordinate Y		Demand
7.27843161716383 -3.3495656543985106 1.0451664100118456
2.8620232069601235 5.463814577286371 1.7459503328832506
1.6689512968642493 6.959742353805207 0.8652785637036985
-12.578880858889132 -12.279463439705141 0.13370127803033918
-12.997063503965578 -5.4211043306788556 1.6443183813365694
-15.48563540542467 5.116404024216817 1.4325149703467812
11.536312826611313 -9.397357774648341 0.48492926729079244
-14.014091288710835 5.247257185603055 1.3786663116842557
5.803760812222099 -12.692614234718269 0.6467955617461284
9.579654136202615 9.22999031096882 1.2291494647840047
10.827043396175291 6.626666944946983 0.6494591880477772
-1.3760590258858563 -13.146567839889261 0.9405487321179095
-7.279249820932734 -3.495752062102893 0.8010534153925346
13.270341444005775 -10.333720230939262 0.7823696265158728
-3.810495306709575 -1.1740421269812626 1.3483797098598629
-10.792490897681976 -8.066652817100852 0.37357298178445275
13.421563060122189 10.6980319016875 1.9245951307424034
-10.651394474855433 -8.207989755186912 0.32760952095269774
15.097498250442062 -1.1334455865847937 0.185637981587771
15.198508418476184 -0.43205646402934544 13.7938596034321
-13.271344822786178 -12.057618644539499 1.3994403480758324
-2.376009814133016 -1.1277282283481953 0.47155985871622036
14.708070121347179 -9.791780054989388 0.9020071518976059
15.432892936831742 6.335880621211262 1.0017582948190304
-8.29993284678484 3.4476110412732788 1.9434503131073468
-6.456912233707482 9.827634149224998 0.6150851437023965
-0.36207101589150886 -10.586552569943384 1.6087562842827525
7.407744192691785 -8.520547281599576 0.8532556405053484
-9.557089502385578 11.095452568743115 1.1417170315606764
10.954790486453634 -7.607155453124477 0.9186162703459817
-0.23816976309716945 6.881385274593709 1.6652220079814564
2.0530311603403963 -9.17305034760242 2.269305801411455
12.733134428683297 7.415531642626635 0.6648728708705246
6.033195878490877 -14.734419832500839 1.8709102301177456
-7.126108398144435 -0.3392128177942072 1.621601894770624
6.137179101170079 5.882994559107356 1.1632964450611432
13.863028640333686 2.566293576125591 0.04952806898561008
-9.997680649515726 11.283005659917835 0.3434111083851455
-8.57343856384426 -6.630203495627959 1.9689860752073411
-0.34763481626693327 -10.511554919000424 1.2551839184597156
1.1737326610360355 7.535101166705022 8.503722585029927
-16.047142041292904 10.840860795419562 5.1590892294242945
-12.428126244861636 3.0734717064306336 40.65288445925483
0.8336287894736196 -11.482930736701476 0.5369480084175482
-5.250119322195662 -10.722818662740151 0.22501230744699843
4.965724668869075 4.769802005629351 0.04709555795228074
-2.0934064355020285 -5.479363597800624 0.2071669805291459
9.597071468111544 9.086108716702094 1.5431828028536867
-0.6957918439761293 3.0081417416845095 1.130504793452807
3.075149988806886 -12.227649172806466 1.8180337227836505
-1.29346773817744 -1.6058571697419821 0.42238683553111683
6.424983425134644 6.616734082660748 2.19597885862614
3.345574403967422 2.7534151765471253 1.080226996506443
-9.527042072860759 -13.056667149558093 9.84156784876615
-6.948364254631746 7.425420858131217 1.1592470743000642
-9.395538902191978 -15.349052234813588 49.09618865269515
-10.463043954029828 -10.014320766992443 1.9529505858707008
-7.195112115496475 11.785325013728949 0.2654929895647174
0.6271201940448582 -5.664437173757343 1.236933558651754
9.539200376108166 -6.789781514400764 0.507750010019025
4.523723970123995 1.4536032752180914 0.2731626512956645
-0.4131924865961688 8.373198677593564 0.7196500583304971
-13.705904721198578 2.3226110420384662 0.20904825754641743
2.106608921626748 10.602405501913735 1.2645354458348617
14.643736460471121 -15.517759413091653 0.18540932762583684
-5.7919812950310945 -5.304414710864655 0.2021110015740114
1.0181631987947604 2.3197044712350188 0.20679253292023936
-12.856221072381956 14.452333212297166 28.830768183551907
14.229001079558014 -5.732039685378093 0.29563604314820846
15.24132878885879 7.024158305831168 1.9954604836578054
4.072463710092331 15.920705201504695 2.1195483817396235
1.6050247324787046 0.554414943545397 1.021727190219487
-15.837095418083447 -11.036898778216047 61.626028265813844
7.658294860081377 2.1516786688120986 1.8634843627687308
-5.840669337438937 5.076685062529804 0.3910846807441108
-2.3942901569322217 -2.172353835612812 1.46121273420788
6.468373016771047 11.12891804509234 61.073680720238016
-4.966840925579648 -10.912702505175567 33.97569255549019
14.927675488534337 -4.7269870222617225 1.8581942402091223
4.127728403896815 -1.0942302384626832 1.6784879868380254
3.8434436986476634 -0.8348593069569501 1.2604519810272445
9.465067478335259 -12.126895763861409 2.2312975020909396
-13.394212044872427 -2.3358213645676393 6.143987915895025
-9.88376967930245 15.577330740578159 1.7618126545087038
-10.716552153168427 -14.892183066036779 0.4185030002727048
-11.566691079711173 -7.450235614808087 0.2762822599840731
-8.606303805618277 3.7548245655493098 1.8975643253162777
-7.761998210896528 -14.512861806628836 0.4685210540930873
5.024357898398218 -13.22246631835876 0.6098758566150347
8.734675098436973 -13.448429678870465 1.0820938863731615
-1.2716112067256837 4.346666861864906 2.2202122158019697
8.404854273927846 -3.191097554240519 0.5506899655771621
-7.791087315579382 -3.3860001480231476 0.8090195441771914
4.5506354139053595 -5.56254021740836 0.40916946785253516
12.121716161558354 -15.529012812439753 1.0526718886442537
-4.975738780394614 10.123596594069149 1.1851578367744404
-6.388495597980583 -13.270196019746809 2.246308117250151
15.717919195513073 -7.069835395332579 2.20690019082389
9.926829642871771 6.960773426231421 1.6426463671334588
-15.929312472172573 -5.170369176208013 1.247327506139757
-2.5960770300328817 10.650543001866623 1.5805269371031345
-15.497327269917095 -12.961149080929475 0.9314980332382172
-14.191495300106325 14.513393534749946 1.0795709759469123
14.202248205206363 13.375078311395397 7.36017312347186
-14.767653982889819 -0.5946837987592398 1.4088639784948638
-13.982623050507613 9.863646261128022 0.8949868529371863
8.450159444661663 10.074836123078583 65.778151265792
-11.423223099597742 11.910347673229259 0.08212818582984685
7.5777376211512895 8.359272242685801 0.20589302476810975
7.1413475972615075 -2.1982570637902787 2.038677821344675
-5.27780083857653 -12.098640560280963 1.3147940170329317
-9.549175909099347 9.379228916047355 1.9546761082676183
12.811183231931043 -2.5378733547171466 1.927652941012975
-1.8504077850938465 7.864820619020795 1.5492430222673819
-15.109746223459725 -14.552321404959704 15.823217604191937
10.487985638874399 -6.9696145449960145 0.5077947813796471
-6.785451451149089 -2.135030538017792 1.5561503322343855
-12.16467087179362 -11.470747113715047 1.0930854804279262
2.5372213209243424 14.680070638557382 1.4494875221452637
3.102641476318568 -12.940940366734914 44.630933391434695
13.443589306954857 5.074319565751526 1.7999199345430006
-11.462331950540795 -10.741730375062257 1.6164673057118404
-1.904232782740374 -14.531496370446654 0.8406560625488588
-1.7493748611086932 -11.396374252039783 1.0729950278081273
8.779434609590005 0.9794324972911849 2.016347326742522
-3.1501764331695985 -12.069338544777182 57.478576041287326
-11.3546533179746 -8.793119795701504 0.7116369234765169
-4.92166136719112 12.498597057370954 1.1752606459451405
12.999477812372728 -7.901223641334804 0.17460188128598308
9.540659842128582 -3.9929556541046733 7.43450640809939
-8.362234649587723 7.148465616234741 1.9994928432323527
7.579446304018726 3.3824745389974744 1.7251380428550736
-4.8977652813507495 15.765360309255524 0.2983631933564807
6.409243399459368 6.910823846218847 0.8079231148989032
-6.04714034131196 15.343196507841702 0.7160226428792758
-11.329351235414048 -14.690423176810123 0.2645860950395612
-3.0959006016786805 1.5968282299006042 1.8415631581267868
12.726488561167566 -3.161440010308706 0.8199936894496976
4.564637847565337 -7.093517355457347 1.1209846018639296
2.8356734232484415 14.342951398035813 59.19824648295562
8.237579644216185 -12.853030214423812 0.4539422024948302
-0.13771430118139294 -5.906813461276345 0.4916892318289599
13.790023600750452 5.021099931973736 1.0900826305371003
-12.493565813998808 14.595577876996959 1.6427641124985068
14.273912929552969 -4.279288619580377 1.6268214488810087
-5.7527487557161034 7.7253643304605175 2.1208926503929324
3.96117119167811 0.3361692009647173 0.9792504700351529
-11.679443270454096 -3.3834959512728746 1.5391615759041701
5.75532440106278 10.875488348271503 1.2886856624812602
-7.666922361865898 -7.489204945481305 0.308213256398612
-4.572086182891093 0.7811520313456336 1.688000268112224
15.302960139098104 -1.7091293677139943 0.25685253268209196
0.41725817887693073 -0.6713424848173025 0.9313891761999099
-12.673144074679552 -4.8955255922915795 0.17707796057599468
15.236259122315735 -6.2230710138881955 1.2006329825898556
-13.318757319806165 -10.344577900171888 1.4450759587443816
-4.866619235871507 -1.6355947580238797 0.4576898351013593
-4.954706363935603 14.662108558403938 0.6315202823848802
4.576373116913975 -6.446268472938512 0.30023919110902314
1.736484414475818 15.217994358259437 1.827003581838659
-6.375692318737659 -5.848335048410342 0.8761570167092673
-1.5783876357556486 12.45158519167779 0.3576354492611898
2.9622979969871657 -2.0125540667703095 0.5227951024106305
-6.8235098874960025 10.51056705950367 2.2667007390584075
-2.9240100979912467 -6.690957057854439 57.51477323366759
-12.307013133924714 -10.01270781931846 0.8022638954530109
13.686118837478231 -14.204757252777506 0.9529134351623824
-1.7736276321011402 -15.106192506104676 1.0844460378617489
5.948059667090379 14.128274644044827 0.017800209156732322
15.801304815529175 -9.15367347780687 0.9291519414320872
-14.930542523830189 2.3708591835913384 25.602718636010287
2.362858365862303 7.342706306510796 21.94182391273282
-15.308164390029136 13.549651560897422 0.15868146293206334
-4.581218155036206 10.073151378032595 0.8255924590572266
-12.020499456229064 -3.7027095775389833 0.7407181447752489
15.52336869945918 11.306739520785538 1.465402677708674
-1.407309843931812 -8.708981345522528 0.4930788593615697
-6.009895083557441 -11.799449904649139 0.8468198030236365
-5.847725794029124 1.9941724263319691 1.7600824692524577
10.640744636495306 14.101844303556694 1.5427499020153213
-8.346725214855999 -2.4581385457294043 0.532832034073319
12.904385222800052 2.5409406588366505 19.16845177811906
11.714850173868033 8.66881316251443 2.1303347569150146
-1.9078911269782362 -5.557477044120562 2.249336985534308
-5.903852910464232 -4.057841664794608 23.77774758738976
7.188603256373696 -4.082972398581598 0.8068948819548405
14.636082263341057 14.467511991383603 2.219388626282917
-5.3397476606737335 -8.615523191706357 0.14110659180081708
3.094133297455485 -15.81798596909762 0.8779441737192157
0.881580529749776 -7.65526085689685 0.194315453276044
4.06811278392945 -7.761306304648733 2.1852233941848143
-0.3383669463148555 -9.84511021927005 2.0642726565963407
3.438179786459499 2.0729296819131013 0.35811083017571654
-7.686875096958693 11.089898430957206 1.3633975982400073
-7.636071962209372 8.30945067365841 0.6393488716114728
-5.665574654800644 -2.793637193890093 0.296311077682811
15.488613826900401 10.997295078720498 0.48896648296897754
-12.749419355307301 -15.126018553910534 1.1108219325951023
-9.761836351833516 -4.621147416444006 1.0418313489824607
12.766937767037962 -1.2808611221707 57.66135397468836
